{"plddt": [79.38, 82.62, 78.34, 68.71, 97.62, 86.47, 99.0, 72.93, 80.35, 92.6, 79.06, 65.35, 70.61, 83.21, 86.12, 80.86, 94.04, 93.91, 85.87, 82.32, 78.97, 88.61, 93.04, 82.73, 87.4, 78.11, 65.06, 69.99, 91.19, 87.36, 99.0, 82.67, 92.38, 97.88, 93.93, 74.7, 79.79, 83.56, 70.17, 87.69, 94.29, 76.23, 99.0, 78.51, 79.56, 79.14, 73.5, 87.01, 82.24, 99.0, 89.29, 88.45, 79.34, 65.03, 80.93, 71.8], "max_pae": 23.7, "pae": [[0.0, 11.65, 20.67, 6.88, 4.27, 0.95, 9.48, 15.23, 7.05, 11.1, 8.16, 8.0, 13.72, 12.17, 6.45, 12.44, 18.64, 10.69, 11.11, 8.89, 9.78, 10.43, 15.61, 6.56, 18.54, 1.47, 5.15, 10.82, 14.02, 5.49, 13.96, 14.34, 18.53, 22.28, 5.24, 13.92, 18.5, 11.94, 7.9, 9.97, 9.39, 18.85, 16.45, 10.27, 12.29, 7.15, 15.36, 15.31, 8.75, 6.63, 19.01, 11.79, 11.63, 14.9, 7.66, 18.74], [11.65, 0.0, 17.12, 6.59, 19.34, 9.65, 10.37, 3.56, 14.29, 11.96, 4.38, 3.91, 8.41, 6.01, 7.82, 15.95, 12.25, 8.91, 7.22, 12.65, 11.92, 3.11, 19.15, 8.37, 19.64, 11.56, 9.21, 11.47, 18.78, 10.31, 19.45, 11.59, 4.03, 16.78, 18.03, 12.56, 12.52, 13.54, 14.19, 8.71, 11.98, 11.76, 11.29, 9.29, 20.61, 14.86, 6.28, 12.08, 4.89, 11.9, 14.16, 12.75, 11.14, 10.56, 19.06, 15.82], [20.67, 17.12, 0.0, 10.22, 4.17, 15.86, 15.75, 16.49, 10.62, 17.0, 19.28, 13.58, 11.28, 17.27, 13.91, 19.75, 17.08, 19.14, 13.62, 15.4, 13.72, 14.02, 5.74, 20.04, 22.0, 12.02, 4.75, 1.0, 13.27, 13.77, 22.43, 11.29, 12.49, 14.2, 5.66, 9.1, 15.0, 16.69, 11.42, 11.55, 17.25, 5.1, 13.74, 16.54, 9.47, 13.93, 15.43, 20.88, 6.81, 14.35, 13.03, 21.35, 6.9, 9.58, 10.5, 9.67], [6.88, 6.59, 10.22, 0.0, 10.9, 13.18, 2.83, 14.59, 14.19, 22.18, 16.0, 10.15, 7.57, 21.94, 11.99, 7.51, 13.2, 8.93, 9.38, 12.59, 11.28, 10.43, 7.89, 8.94, 15.49, 11.52, 20.17, 7.65, 11.95, 15.7, 21.41, 12.37, 19.58, 10.84, 5.61, 17.02, 11.78, 13.98, 17.61, 3.81, 12.9, 8.23, 4.78, 9.04, 6.62, 21.04, 11.37, 9.7, 9.63, 20.04, 15.87, 8.12, 6.29, 18.73, 10.29, 15.09], [4.27, 19.34, 4.17, 10.9, 0.0, 10.44, 4.99, 15.79, 7.33, 9.45, 10.67, 11.67, 10.82, 11.2, 2.27, 11.72, 9.15, 7.1, 22.0, 11.96, 14.31, 18.18, 11.9, 7.95, 16.34, 5.74, 7.9, 22.14, 16.98, 14.77, 12.05, 10.83, 11.35, 6.26, 15.8, 6.08, 8.81, 7.58, 7.87, 7.39, 19.21, 3.94, 14.67, 8.94, 13.03, 10.02, 16.04, 7.95, 19.04, 12.34, 15.2, 19.45, 11.25, 8.33, 12.54, 6.89], [0.95, 9.65, 15.86, 13.18, 10.44, 0.0, 9.57, 8.6, 10.59, 16.73, 9.07, 12.62, 9.04, 5.64, 20.05, 4.58, 7.45, 11.85, 9.46, 11.47, 2.38, 13.73, 5.84, 14.47, 16.66, 9.81, 15.08, 11.28, 19.94, 3.32, 13.85, 12.15, 13.3, 14.19, 17.29, 4.9, 14.08, 4.32, 7.79, 12.03, 17.68, 9.09, 6.84, 23.68, 13.85, 19.49, 13.8, 16.4, 16.63, 4.43, 9.18, 2.2, 19.38, 22.26, 8.54, 13.09], [9.48, 10.37, 15.75, 2.83, 4.99, 9.57, 0.0, 2.2, 10.22, 4.2, 9.87, 13.94, 5.37, 14.0, 12.09, 4.26, 20.3, 17.31, 17.88, 13.23, 7.86, 9.1, 21.81, 12.45, 11.87, 14.3, 15.28, 9.88, 16.17, 10.9, 11.89, 10.44, 10.73, 5.75, 12.99, 14.47, 11.57, 12.96, 13.18, 18.44, 12.82, 13.61, 19.9, 20.23, 17.47, 10.72, 22.19, 14.9, 14.13, 6.52, 18.95, 18.23, 20.99, 5.15, 4.31, 17.65], [15.23, 3.56, 16.49, 14.59, 15.79, 8.6, 2.2, 0.0, 10.96, 12.64, 3.87, 12.73, 7.1, 6.44, 12.5, 8.41, 8.53, 12.75, 17.68, 3.53, 15.94, 10.95, 15.94, 17.8, 13.46, 14.76, 13.31, 18.64, 15.96, 6.9, 7.29, 12.31, 15.43, 8.09, 16.49, 6.19, 16.07, 20.67, 19.53, 5.67, 20.64, 5.42, 15.33, 11.73, 6.91, 14.03, 14.21, 15.59, 10.92, 3.58, 17.85, 12.88, 3.09, 18.19, 15.32, 5.75], [7.05, 14.29, 10.62, 14.19, 7.33, 10.59, 10.22, 10.96, 0.0, 4.36, 17.32, 14.61, 14.75, 6.26, 9.67, 11.64, 5.32, 7.72, 11.5, 3.02, 14.46, 13.99, 8.03, 9.29, 15.49, 9.2, 11.24, 18.66, 6.17, 20.12, 13.09, 16.45, 10.68, 10.85, 2.17, 20.61, 15.24, 15.64, 15.47, 10.85, 11.47, 11.04, 13.07, 21.09, 4.78, 21.87, 14.03, 10.71, 11.26, 11.43, 20.01, 11.58, 6.66, 6.77, 12.71, 13.27], [11.1, 11.96, 17.0, 22.18, 9.45, 16.73, 4.2, 12.64, 4.36, 0.0, 8.47, 14.47, 9.83, 12.93, 17.19, 12.77, 10.02, 15.81, 8.57, 10.24, 8.22, 10.05, 20.28, 11.7, 20.47, 6.05, 17.06, 17.53, 10.22, 16.13, 12.49, 18.34, 9.42, 13.22, 11.14, 13.59, 3.98, 5.65, 3.56, 14.46, 16.04, 5.17, 5.27, 13.25, 16.03, 16.68, 14.61, 18.23, 13.37, 11.25, 13.61, 13.88, 14.26, 11.86, 6.1, 7.24], [8.16, 4.38, 19.28, 16.0, 10.67, 9.07, 9.87, 3.87, 17.32, 8.47, 0.0, 9.18, 7.46, 11.32, 16.8, 6.58, 6.27, 14.12, 12.39, 13.87, 17.91, 9.97, 6.02, 5.75, 13.42, 13.62, 13.27, 11.7, 9.21, 18.7, 13.44, 19.76, 16.4, 9.03, 6.07, 7.93, 10.25, 6.38, 13.69, 14.05, 9.1, 12.93, 11.24, 16.9, 10.88, 16.95, 0.98, 18.19, 4.91, 11.45, 14.71, 17.56, 10.66, 12.53, 13.75, 12.79], [8.0, 3.91, 13.58, 10.15, 11.67, 12.62, 13.94, 12.73, 14.61, 14.47, 9.18, 0.0, 4.81, 13.61, 8.13, 14.44, 12.3, 13.19, 7.49, 12.98, 12.56, 9.2, 18.6, 12.51, 11.58, 11.48, 8.04, 11.13, 2.19, 8.01, 12.26, 11.27, 16.83, 12.02, 8.11, 21.74, 15.86, 17.99, 12.45, 14.78, 22.4, 14.15, 13.71, 20.93, 11.82, 7.14, 12.51, 21.17, 5.66, 3.43, 11.01, 8.44, 3.23, 16.73, 9.71, 6.76], [13.72, 8.41, 11.28, 7.57, 10.82, 9.04, 5.37, 7.1, 14.75, 9.83, 7.46, 4.81, 0.0, 22.57, 8.21, 19.3, 13.37, 6.87, 4.18, 20.79, 10.85, 5.39, 10.69, 13.28, 22.16, 11.16, 4.96, 13.04, 4.17, 11.97, 14.95, 5.95, 8.32, 5.94, 12.32, 9.46, 20.94, 11.65, 10.63, 15.18, 13.83, 12.94, 18.07, 19.34, 8.9, 6.17, 8.04, 11.81, 14.7, 12.67, 13.91, 6.59, 17.83, 12.94, 18.25, 12.74], [12.17, 6.01, 17.27, 21.94, 11.2, 5.64, 14.0, 6.44, 6.26, 12.93, 11.32, 13.61, 22.57, 0.0, 9.52, 12.09, 12.77, 5.79, 9.47, 7.51, 14.44, 7.69, 10.15, 13.04, 11.1, 14.08, 5.07, 16.33, 13.04, 6.2, 12.57, 11.16, 17.3, 7.28, 13.59, 15.99, 6.18, 21.89, 7.98, 9.48, 18.95, 13.88, 12.45, 11.54, 17.47, 14.36, 7.7, 17.83, 11.66, 15.01, 14.84, 9.75, 11.46, 9.26, 11.95, 11.08], [6.45, 7.82, 13.91, 11.99, 2.27, 20.05, 12.09, 12.5, 9.67, 17.19, 16.8, 8.13, 8.21, 9.52, 0.0, 13.71, 3.58, 6.8, 4.85, 19.85, 10.23, 4.53, 8.18, 12.64, 21.06, 11.66, 13.25, 10.68, 10.52, 6.61, 8.16, 15.0, 7.26, 12.47, 11.36, 7.64, 19.72, 18.9, 9.73, 18.59, 7.13, 7.4, 8.67, 10.77, 21.09, 8.86, 2.83, 9.79, 3.24, 22.51, 3.2, 12.4, 9.54, 11.28, 14.12, 5.94], [12.44, 15.95, 19.75, 7.51, 11.72, 4.58, 4.26, 8.41, 11.64, 12.77, 6.58, 14.44, 19.3, 12.09, 13.71, 0.0, 6.77, 5.39, 19.78, 2.16, 12.05, 16.61, 11.27, 14.57, 13.33, 10.13, 12.86, 4.58, 14.65, 19.93, 10.39, 22.36, 4.97, 7.71, 9.16, 17.91, 20.21, 7.08, 13.29, 12.97, 6.81, 12.27, 8.5, 9.99, 14.57, 9.84, 17.61, 18.36, 18.38, 16.01, 17.26, 3.73, 8.75, 8.24, 9.61, 10.22], [18.64, 12.25, 17.08, 13.2, 9.15, 7.45, 20.3, 8.53, 5.32, 10.02, 6.27, 12.3, 13.37, 12.77, 3.58, 6.77, 0.0, 14.91, 2.97, 10.64, 7.51, 12.77, 9.08, 13.12, 21.38, 20.12, 8.56, 18.24, 4.47, 8.22, 14.04, 8.85, 7.21, 10.23, 18.19, 3.65, 8.43, 14.25, 12.52, 13.5, 4.03, 10.42, 7.31, 6.27, 11.72, 11.69, 14.62, 15.63, 12.57, 3.28, 19.33, 14.65, 16.97, 6.1, 15.49, 11.65], [10.69, 8.91, 19.14, 8.93, 7.1, 11.85, 17.31, 12.75, 7.72, 15.81, 14.12, 13.19, 6.87, 5.79, 6.8, 5.39, 14.91, 0.0, 23.34, 2.33, 4.66, 7.89, 15.39, 17.48, 11.38, 12.49, 7.9, 2.61, 9.88, 14.75, 10.66, 13.81, 3.96, 14.4, 10.26, 19.25, 12.78, 11.47, 9.17, 12.58, 14.18, 7.03, 8.36, 8.12, 2.37, 7.09, 12.64, 9.43, 18.84, 14.66, 11.56, 21.78, 7.17, 10.13, 7.89, 12.05], [11.11, 7.22, 13.62, 9.38, 22.0, 9.46, 17.88, 17.68, 11.5, 8.57, 12.39, 7.49, 4.18, 9.47, 4.85, 19.78, 2.97, 23.34, 0.0, 12.39, 3.39, 16.01, 12.29, 16.71, 21.87, 6.9, 17.6, 13.41, 15.11, 4.57, 16.12, 12.68, 20.04, 2.69, 12.08, 13.07, 16.6, 18.34, 4.14, 16.85, 17.91, 6.03, 15.62, 11.79, 2.21, 15.24, 7.25, 9.47, 13.78, 19.52, 11.27, 17.45, 19.09, 21.17, 20.18, 13.1], [8.89, 12.65, 15.4, 12.59, 11.96, 11.47, 13.23, 3.53, 3.02, 10.24, 13.87, 12.98, 20.79, 7.51, 19.85, 2.16, 10.64, 2.33, 12.39, 0.0, 11.2, 7.39, 15.82, 16.59, 12.96, 4.65, 22.28, 20.97, 15.66, 13.46, 8.99, 5.38, 8.33, 16.53, 11.65, 8.94, 6.0, 5.56, 2.94, 19.65, 10.15, 15.85, 15.4, 17.85, 11.04, 8.9, 11.77, 9.22, 7.92, 3.14, 19.0, 13.57, 20.56, 9.65, 15.26, 17.1], [9.78, 11.92, 13.72, 11.28, 14.31, 2.38, 7.86, 15.94, 14.46, 8.22, 17.91, 12.56, 10.85, 14.44, 10.23, 12.05, 7.51, 4.66, 3.39, 11.2, 0.0, 13.43, 8.41, 8.52, 12.62, 15.65, 16.67, 6.79, 3.62, 18.27, 13.77, 16.11, 5.72, 5.73, 8.53, 8.63, 9.81, 12.71, 14.74, 8.71, 2.24, 6.46, 11.33, 13.49, 2.92, 10.25, 10.86, 5.95, 22.11, 21.71, 9.49, 8.65, 14.86, 6.58, 8.35, 12.85], [10.43, 3.11, 14.02, 10.43, 18.18, 13.73, 9.1, 10.95, 13.99, 10.05, 9.97, 9.2, 5.39, 7.69, 4.53, 16.61, 12.77, 7.89, 16.01, 7.39, 13.43, 0.0, 12.27, 17.12, 10.55, 15.26, 8.73, 17.05, 14.35, 9.61, 21.34, 9.79, 17.47, 4.4, 3.87, 2.53, 14.14, 15.42, 3.48, 13.86, 5.46, 21.86, 11.65, 18.01, 5.61, 8.77, 15.41, 8.85, 8.36, 13.49, 10.15, 12.57, 16.65, 15.22, 9.55, 10.35], [15.61, 19.15, 5.74, 7.89, 11.9, 5.84, 21.81, 15.94, 8.03, 20.28, 6.02, 18.6, 10.69, 10.15, 8.18, 11.27, 9.08, 15.39, 12.29, 15.82, 8.41, 12.27, 0.0, 19.79, 6.62, 6.82, 6.3, 11.77, 7.4, 10.9, 20.39, 10.16, 14.97, 11.61, 17.92, 8.81, 8.36, 17.91, 8.6, 5.24, 16.75, 6.89, 17.43, 9.95, 11.43, 14.36, 19.06, 19.23, 12.07, 17.36, 13.07, 14.49, 6.83, 15.69, 20.18, 7.96], [6.56, 8.37, 20.04, 8.94, 7.95, 14.47, 12.45, 17.8, 9.29, 11.7, 5.75, 12.51, 13.28, 13.04, 12.64, 14.57, 13.12, 17.48, 16.71, 16.59, 8.52, 17.12, 19.79, 0.0, 8.37, 11.05, 6.07, 18.98, 20.9, 7.66, 13.92, 12.56, 20.28, 15.71, 11.48, 20.5, 9.12, 14.37, 17.54, 16.82, 17.42, 10.06, 13.37, 19.67, 17.29, 12.12, 17.54, 19.23, 8.95, 11.8, 10.59, 7.29, 22.25, 15.84, 12.11, 14.39], [18.54, 19.64, 22.0, 15.49, 16.34, 16.66, 11.87, 13.46, 15.49, 20.47, 13.42, 11.58, 22.16, 11.1, 21.06, 13.33, 21.38, 11.38, 21.87, 12.96, 12.62, 10.55, 6.62, 8.37, 0.0, 14.71, 11.62, 6.93, 5.09, 18.69, 5.39, 10.82, 10.5, 10.69, 15.04, 16.55, 17.79, 16.57, 18.74, 11.37, 4.61, 9.5, 7.99, 13.2, 14.44, 10.94, 15.77, 6.11, 20.74, 13.59, 10.03, 1.37, 7.99, 9.17, 5.53, 4.47], [1.47, 11.56, 12.02, 11.52, 5.74, 9.81, 14.3, 14.76, 9.2, 6.05, 13.62, 11.48, 11.16, 14.08, 11.66, 10.13, 20.12, 12.49, 6.9, 4.65, 15.65, 15.26, 6.82, 11.05, 14.71, 0.0, 3.35, 8.84, 21.69, 5.57, 15.69, 11.53, 15.37, 5.54, 7.67, 20.09, 13.15, 13.63, 19.97, 21.38, 3.97, 6.99, 15.8, 10.29, 7.41, 7.98, 11.24, 8.64, 19.85, 14.33, 11.78, 3.93, 19.67, 10.54, 11.86, 17.25], [5.15, 9.21, 4.75, 20.17, 7.9, 15.08, 15.28, 13.31, 11.24, 17.06, 13.27, 8.04, 4.96, 5.07, 13.25, 12.86, 8.56, 7.9, 17.6, 22.28, 16.67, 8.73, 6.3, 6.07, 11.62, 3.35, 0.0, 14.83, 7.79, 14.76, 13.72, 7.66, 11.88, 4.99, 3.18, 17.53, 4.75, 3.64, 11.71, 12.09, 14.09, 6.8, 8.49, 9.91, 15.17, 11.53, 20.2, 5.0, 10.28, 4.26, 10.7, 9.26, 15.88, 10.93, 15.25, 13.89], [10.82, 11.47, 1.0, 7.65, 22.14, 11.28, 9.88, 18.64, 18.66, 17.53, 11.7, 11.13, 13.04, 16.33, 10.68, 4.58, 18.24, 2.61, 13.41, 20.97, 6.79, 17.05, 11.77, 18.98, 6.93, 8.84, 14.83, 0.0, 19.1, 12.85, 11.65, 13.24, 12.22, 9.99, 17.52, 10.08, 8.08, 3.76, 17.03, 5.28, 14.97, 14.3, 14.44, 12.64, 15.62, 10.16, 10.9, 22.18, 11.82, 15.26, 10.29, 13.49, 14.29, 4.86, 18.7, 16.07], [14.02, 18.78, 13.27, 11.95, 16.98, 19.94, 16.17, 15.96, 6.17, 10.22, 9.21, 2.19, 4.17, 13.04, 10.52, 14.65, 4.47, 9.88, 15.11, 15.66, 3.62, 14.35, 7.4, 20.9, 5.09, 21.69, 7.79, 19.1, 0.0, 19.15, 8.99, 7.33, 9.96, 10.9, 10.39, 11.05, 13.17, 1.67, 11.86, 16.84, 7.73, 13.18, 14.31, 12.98, 22.7, 6.77, 11.58, 22.59, 13.15, 14.76, 5.2, 5.36, 15.59, 19.89, 11.18, 23.36], [5.49, 10.31, 13.77, 15.7, 14.77, 3.32, 10.9, 6.9, 20.12, 16.13, 18.7, 8.01, 11.97, 6.2, 6.61, 19.93, 8.22, 14.75, 4.57, 13.46, 18.27, 9.61, 10.9, 7.66, 18.69, 5.57, 14.76, 12.85, 19.15, 0.0, 5.36, 17.21, 21.78, 6.49, 3.44, 4.59, 17.92, 16.13, 6.75, 15.8, 3.63, 18.02, 5.06, 2.14, 9.8, 19.61, 15.45, 2.2, 6.81, 9.49, 18.75, 20.13, 8.81, 10.05, 18.84, 11.47], [13.96, 19.45, 22.43, 21.41, 12.05, 13.85, 11.89, 7.29, 13.09, 12.49, 13.44, 12.26, 14.95, 12.57, 8.16, 10.39, 14.04, 10.66, 16.12, 8.99, 13.77, 21.34, 20.39, 13.92, 5.39, 15.69, 13.72, 11.65, 8.99, 5.36, 0.0, 10.69, 17.0, 10.95, 6.32, 16.81, 4.49, 13.82, 8.02, 3.25, 10.27, 16.5, 7.65, 23.7, 8.61, 10.17, 12.21, 18.55, 3.27, 14.65, 9.02, 11.17, 12.3, 12.06, 12.99, 9.16], [14.34, 11.59, 11.29, 12.37, 10.83, 12.15, 10.44, 12.31, 16.45, 18.34, 19.76, 11.27, 5.95, 11.16, 15.0, 22.36, 8.85, 13.81, 12.68, 5.38, 16.11, 9.79, 10.16, 12.56, 10.82, 11.53, 7.66, 13.24, 7.33, 17.21, 10.69, 0.0, 6.8, 9.42, 16.04, 21.41, 18.1, 17.18, 12.48, 18.37, 7.13, 19.03, 20.73, 13.0, 9.48, 7.33, 8.23, 16.61, 7.72, 19.64, 19.24, 7.79, 8.93, 22.4, 17.61, 3.12], [18.53, 4.03, 12.49, 19.58, 11.35, 13.3, 10.73, 15.43, 10.68, 9.42, 16.4, 16.83, 8.32, 17.3, 7.26, 4.97, 7.21, 3.96, 20.04, 8.33, 5.72, 17.47, 14.97, 20.28, 10.5, 15.37, 11.88, 12.22, 9.96, 21.78, 17.0, 6.8, 0.0, 8.53, 9.24, 6.6, 19.53, 18.25, 21.84, 1.44, 10.22, 13.67, 11.28, 17.59, 16.48, 20.27, 3.74, 13.31, 2.69, 1.9, 6.18, 8.48, 11.25, 9.51, 5.12, 17.96], [22.28, 16.78, 14.2, 10.84, 6.26, 14.19, 5.75, 8.09, 10.85, 13.22, 9.03, 12.02, 5.94, 7.28, 12.47, 7.71, 10.23, 14.4, 2.69, 16.53, 5.73, 4.4, 11.61, 15.71, 10.69, 5.54, 4.99, 9.99, 10.9, 6.49, 10.95, 9.42, 8.53, 0.0, 6.55, 13.31, 6.26, 9.1, 21.18, 18.07, 6.33, 12.85, 15.43, 13.45, 12.14, 14.28, 17.42, 7.03, 11.1, 14.84, 10.35, 15.03, 6.01, 12.83, 17.28, 17.65], [5.24, 18.03, 5.66, 5.61, 15.8, 17.29, 12.99, 16.49, 2.17, 11.14, 6.07, 8.11, 12.32, 13.59, 11.36, 9.16, 18.19, 10.26, 12.08, 11.65, 8.53, 3.87, 17.92, 11.48, 15.04, 7.67, 3.18, 17.52, 10.39, 3.44, 6.32, 16.04, 9.24, 6.55, 0.0, 18.7, 9.53, 13.17, 10.46, 9.42, 11.05, 6.12, 7.82, 10.72, 14.57, 18.68, 14.3, 8.49, 20.1, 13.97, 6.57, 8.47, 22.97, 12.18, 3.6, 10.57], [13.92, 12.56, 9.1, 17.02, 6.08, 4.9, 14.47, 6.19, 20.61, 13.59, 7.93, 21.74, 9.46, 15.99, 7.64, 17.91, 3.65, 19.25, 13.07, 8.94, 8.63, 2.53, 8.81, 20.5, 16.55, 20.09, 17.53, 10.08, 11.05, 4.59, 16.81, 21.41, 6.6, 13.31, 18.7, 0.0, 7.75, 15.28, 21.54, 19.9, 13.49, 8.62, 5.57, 6.05, 18.41, 12.19, 13.32, 11.7, 18.82, 8.56, 20.89, 17.23, 14.01, 12.05, 11.61, 10.52], [18.5, 12.52, 15.0, 11.78, 8.81, 14.08, 11.57, 16.07, 15.24, 3.98, 10.25, 15.86, 20.94, 6.18, 19.72, 20.21, 8.43, 12.78, 16.6, 6.0, 9.81, 14.14, 8.36, 9.12, 17.79, 13.15, 4.75, 8.08, 13.17, 17.92, 4.49, 18.1, 19.53, 6.26, 9.53, 7.75, 0.0, 18.97, 3.78, 10.74, 16.12, 8.74, 7.04, 7.98, 5.69, 7.71, 7.46, 10.91, 18.04, 13.83, 14.46, 13.59, 16.33, 12.08, 7.97, 12.02], [11.94, 13.54, 16.69, 13.98, 7.58, 4.32, 12.96, 20.67, 15.64, 5.65, 6.38, 17.99, 11.65, 21.89, 18.9, 7.08, 14.25, 11.47, 18.34, 5.56, 12.71, 15.42, 17.91, 14.37, 16.57, 13.63, 3.64, 3.76, 1.67, 16.13, 13.82, 17.18, 18.25, 9.1, 13.17, 15.28, 18.97, 0.0, 13.56, 5.29, 13.1, 14.17, 14.23, 6.64, 9.49, 16.18, 15.75, 13.67, 16.75, 14.77, 10.21, 6.23, 16.74, 11.19, 12.36, 14.24], [7.9, 14.19, 11.42, 17.61, 7.87, 7.79, 13.18, 19.53, 15.47, 3.56, 13.69, 12.45, 10.63, 7.98, 9.73, 13.29, 12.52, 9.17, 4.14, 2.94, 14.74, 3.48, 8.6, 17.54, 18.74, 19.97, 11.71, 17.03, 11.86, 6.75, 8.02, 12.48, 21.84, 21.18, 10.46, 21.54, 3.78, 13.56, 0.0, 21.74, 11.49, 8.86, 16.03, 19.86, 12.76, 9.8, 6.75, 17.29, 11.21, 17.81, 10.16, 15.07, 12.56, 12.24, 9.36, 6.51], [9.97, 8.71, 11.55, 3.81, 7.39, 12.03, 18.44, 5.67, 10.85, 14.46, 14.05, 14.78, 15.18, 9.48, 18.59, 12.97, 13.5, 12.58, 16.85, 19.65, 8.71, 13.86, 5.24, 16.82, 11.37, 21.38, 12.09, 5.28, 16.84, 15.8, 3.25, 18.37, 1.44, 18.07, 9.42, 19.9, 10.74, 5.29, 21.74, 0.0, 14.09, 12.4, 5.63, 21.85, 4.71, 9.57, 15.67, 12.17, 16.27, 9.71, 15.47, 14.81, 5.6, 12.46, 3.18, 8.19], [9.39, 11.98, 17.25, 12.9, 19.21, 17.68, 12.82, 20.64, 11.47, 16.04, 9.1, 22.4, 13.83, 18.95, 7.13, 6.81, 4.03, 14.18, 17.91, 10.15, 2.24, 5.46, 16.75, 17.42, 4.61, 3.97, 14.09, 14.97, 7.73, 3.63, 10.27, 7.13, 10.22, 6.33, 11.05, 13.49, 16.12, 13.1, 11.49, 14.09, 0.0, 6.78, 22.44, 15.95, 16.32, 15.75, 20.37, 18.46, 5.33, 18.73, 12.22, 11.27, 12.64, 5.4, 15.79, 22.62], [18.85, 11.76, 5.1, 8.23, 3.94, 9.09, 13.61, 5.42, 11.04, 5.17, 12.93, 14.15, 12.94, 13.88, 7.4, 12.27, 10.42, 7.03, 6.03, 15.85, 6.46, 21.86, 6.89, 10.06, 9.5, 6.99, 6.8, 14.3, 13.18, 18.02, 16.5, 19.03, 13.67, 12.85, 6.12, 8.62, 8.74, 14.17, 8.86, 12.4, 6.78, 0.0, 10.88, 13.07, 12.23, 17.91, 18.26, 6.93, 6.56, 12.47, 9.81, 12.39, 9.59, 4.4, 8.55, 12.11], [16.45, 11.29, 13.74, 4.78, 14.67, 6.84, 19.9, 15.33, 13.07, 5.27, 11.24, 13.71, 18.07, 12.45, 8.67, 8.5, 7.31, 8.36, 15.62, 15.4, 11.33, 11.65, 17.43, 13.37, 7.99, 15.8, 8.49, 14.44, 14.31, 5.06, 7.65, 20.73, 11.28, 15.43, 7.82, 5.57, 7.04, 14.23, 16.03, 5.63, 22.44, 10.88, 0.0, 4.23, 10.59, 12.03, 11.93, 16.14, 9.52, 11.59, 9.57, 14.23, 9.19, 4.38, 4.22, 23.18], [10.27, 9.29, 16.54, 9.04, 8.94, 23.68, 20.23, 11.73, 21.09, 13.25, 16.9, 20.93, 19.34, 11.54, 10.77, 9.99, 6.27, 8.12, 11.79, 17.85, 13.49, 18.01, 9.95, 19.67, 13.2, 10.29, 9.91, 12.64, 12.98, 2.14, 23.7, 13.0, 17.59, 13.45, 10.72, 6.05, 7.98, 6.64, 19.86, 21.85, 15.95, 13.07, 4.23, 0.0, 15.37, 13.91, 18.99, 14.72, 16.64, 11.96, 4.67, 7.45, 19.82, 4.17, 18.87, 8.08], [12.29, 20.61, 9.47, 6.62, 13.03, 13.85, 17.47, 6.91, 4.78, 16.03, 10.88, 11.82, 8.9, 17.47, 21.09, 14.57, 11.72, 2.37, 2.21, 11.04, 2.92, 5.61, 11.43, 17.29, 14.44, 7.41, 15.17, 15.62, 22.7, 9.8, 8.61, 9.48, 16.48, 12.14, 14.57, 18.41, 5.69, 9.49, 12.76, 4.71, 16.32, 12.23, 10.59, 15.37, 0.0, 19.9, 4.99, 13.47, 19.91, 6.91, 5.14, 6.83, 9.88, 19.19, 9.38, 16.5], [7.15, 14.86, 13.93, 21.04, 10.02, 19.49, 10.72, 14.03, 21.87, 16.68, 16.95, 7.14, 6.17, 14.36, 8.86, 9.84, 11.69, 7.09, 15.24, 8.9, 10.25, 8.77, 14.36, 12.12, 10.94, 7.98, 11.53, 10.16, 6.77, 19.61, 10.17, 7.33, 20.27, 14.28, 18.68, 12.19, 7.71, 16.18, 9.8, 9.57, 15.75, 17.91, 12.03, 13.91, 19.9, 0.0, 12.11, 11.41, 9.88, 14.85, 11.88, 19.23, 2.99, 10.5, 13.09, 12.65], [15.36, 6.28, 15.43, 11.37, 16.04, 13.8, 22.19, 14.21, 14.03, 14.61, 0.98, 12.51, 8.04, 7.7, 2.83, 17.61, 14.62, 12.64, 7.25, 11.77, 10.86, 15.41, 19.06, 17.54, 15.77, 11.24, 20.2, 10.9, 11.58, 15.45, 12.21, 8.23, 3.74, 17.42, 14.3, 13.32, 7.46, 15.75, 6.75, 15.67, 20.37, 18.26, 11.93, 18.99, 4.99, 12.11, 0.0, 16.02, 18.1, 13.39, 9.65, 14.02, 5.1, 6.27, 13.94, 10.59], [15.31, 12.08, 20.88, 9.7, 7.95, 16.4, 14.9, 15.59, 10.71, 18.23, 18.19, 21.17, 11.81, 17.83, 9.79, 18.36, 15.63, 9.43, 9.47, 9.22, 5.95, 8.85, 19.23, 19.23, 6.11, 8.64, 5.0, 22.18, 22.59, 2.2, 18.55, 16.61, 13.31, 7.03, 8.49, 11.7, 10.91, 13.67, 17.29, 12.17, 18.46, 6.93, 16.14, 14.72, 13.47, 11.41, 16.02, 0.0, 5.22, 15.36, 13.95, 12.17, 7.65, 7.92, 8.4, 13.77], [8.75, 4.89, 6.81, 9.63, 19.04, 16.63, 14.13, 10.92, 11.26, 13.37, 4.91, 5.66, 14.7, 11.66, 3.24, 18.38, 12.57, 18.84, 13.78, 7.92, 22.11, 8.36, 12.07, 8.95, 20.74, 19.85, 10.28, 11.82, 13.15, 6.81, 3.27, 7.72, 2.69, 11.1, 20.1, 18.82, 18.04, 16.75, 11.21, 16.27, 5.33, 6.56, 9.52, 16.64, 19.91, 9.88, 18.1, 5.22, 0.0, 19.74, 16.34, 15.82, 17.68, 10.99, 9.72, 9.1], [6.63, 11.9, 14.35, 20.04, 12.34, 4.43, 6.52, 3.58, 11.43, 11.25, 11.45, 3.43, 12.67, 15.01, 22.51, 16.01, 3.28, 14.66, 19.52, 3.14, 21.71, 13.49, 17.36, 11.8, 13.59, 14.33, 4.26, 15.26, 14.76, 9.49, 14.65, 19.64, 1.9, 14.84, 13.97, 8.56, 13.83, 14.77, 17.81, 9.71, 18.73, 12.47, 11.59, 11.96, 6.91, 14.85, 13.39, 15.36, 19.74, 0.0, 8.58, 14.72, 15.9, 11.51, 20.82, 18.3], [19.01, 14.16, 13.03, 15.87, 15.2, 9.18, 18.95, 17.85, 20.01, 13.61, 14.71, 11.01, 13.91, 14.84, 3.2, 17.26, 19.33, 11.56, 11.27, 19.0, 9.49, 10.15, 13.07, 10.59, 10.03, 11.78, 10.7, 10.29, 5.2, 18.75, 9.02, 19.24, 6.18, 10.35, 6.57, 20.89, 14.46, 10.21, 10.16, 15.47, 12.22, 9.81, 9.57, 4.67, 5.14, 11.88, 9.65, 13.95, 16.34, 8.58, 0.0, 12.91, 13.94, 14.77, 3.14, 12.65], [11.79, 12.75, 21.35, 8.12, 19.45, 2.2, 18.23, 12.88, 11.58, 13.88, 17.56, 8.44, 6.59, 9.75, 12.4, 3.73, 14.65, 21.78, 17.45, 13.57, 8.65, 12.57, 14.49, 7.29, 1.37, 3.93, 9.26, 13.49, 5.36, 20.13, 11.17, 7.79, 8.48, 15.03, 8.47, 17.23, 13.59, 6.23, 15.07, 14.81, 11.27, 12.39, 14.23, 7.45, 6.83, 19.23, 14.02, 12.17, 15.82, 14.72, 12.91, 0.0, 8.13, 16.92, 14.42, 8.9], [11.63, 11.14, 6.9, 6.29, 11.25, 19.38, 20.99, 3.09, 6.66, 14.26, 10.66, 3.23, 17.83, 11.46, 9.54, 8.75, 16.97, 7.17, 19.09, 20.56, 14.86, 16.65, 6.83, 22.25, 7.99, 19.67, 15.88, 14.29, 15.59, 8.81, 12.3, 8.93, 11.25, 6.01, 22.97, 14.01, 16.33, 16.74, 12.56, 5.6, 12.64, 9.59, 9.19, 19.82, 9.88, 2.99, 5.1, 7.65, 17.68, 15.9, 13.94, 8.13, 0.0, 9.68, 3.08, 16.1], [14.9, 10.56, 9.58, 18.73, 8.33, 22.26, 5.15, 18.19, 6.77, 11.86, 12.53, 16.73, 12.94, 9.26, 11.28, 8.24, 6.1, 10.13, 21.17, 9.65, 6.58, 15.22, 15.69, 15.84, 9.17, 10.54, 10.93, 4.86, 19.89, 10.05, 12.06, 22.4, 9.51, 12.83, 12.18, 12.05, 12.08, 11.19, 12.24, 12.46, 5.4, 4.4, 4.38, 4.17, 19.19, 10.5, 6.27, 7.92, 10.99, 11.51, 14.77, 16.92, 9.68, 0.0, 14.14, 8.27], [7.66, 19.06, 10.5, 10.29, 12.54, 8.54, 4.31, 15.32, 12.71, 6.1, 13.75, 9.71, 18.25, 11.95, 14.12, 9.61, 15.49, 7.89, 20.18, 15.26, 8.35, 9.55, 20.18, 12.11, 5.53, 11.86, 15.25, 18.7, 11.18, 18.84, 12.99, 17.61, 5.12, 17.28, 3.6, 11.61, 7.97, 12.36, 9.36, 3.18, 15.79, 8.55, 4.22, 18.87, 9.38, 13.09, 13.94, 8.4, 9.72, 20.82, 3.14, 14.42, 3.08, 14.14, 0.0, 14.98], [18.74, 15.82, 9.67, 15.09, 6.89, 13.09, 17.65, 5.75, 13.27, 7.24, 12.79, 6.76, 12.74, 11.08, 5.94, 10.22, 11.65, 12.05, 13.1, 17.1, 12.85, 10.35, 7.96, 14.39, 4.47, 17.25, 13.89, 16.07, 23.36, 11.47, 9.16, 3.12, 17.96, 17.65, 10.57, 10.52, 12.02, 14.24, 6.51, 8.19, 22.62, 12.11, 23.18, 8.08, 16.5, 12.65, 10.59, 13.77, 9.1, 18.3, 12.65, 8.9, 16.1, 8.27, 14.98, 0.0]], "ptm": 0.84, "iptm": 0.73}