{"atom_plddts": [89.41, 90.41, 91.41, 98.0, 99.0, 100.0, 98.0, 99.0, 100.0, 82.88, 83.88, 84.88, 85.42, 86.42, 87.42, 82.67, 83.67, 84.67, 95.84, 96.84, 97.84, 88.33, 89.33, 90.33, 97.96, 98.96, 99.96, 66.83, 67.83, 68.83, 98.0, 99.0, 100.0, 87.84, 88.84, 89.84, 97.16, 98.16, 99.16, 87.36, 88.36, 89.36, 84.45, 85.45, 86.45, 94.56, 95.56, 96.56, 98.0, 99.0, 100.0, 86.57, 87.57, 88.57, 87.17, 88.17, 89.17, 97.23, 98.23, 99.23, 78.56, 79.56, 80.56, 70.83, 71.83, 72.83, 93.74, 94.74, 95.74, 80.95, 81.95, 82.95, 65.96, 66.96, 67.96, 79.23, 80.23, 81.23, 83.39, 84.39, 85.39, 74.68, 75.68, 76.68, 71.09, 72.09, 73.09, 89.44, 90.44, 91.44, 98.0, 99.0, 100.0, 86.2, 87.2, 88.2, 80.08, 81.08, 82.08, 93.62, 94.62, 95.62, 97.61, 98.61, 99.61, 85.4, 86.4, 87.4, 95.54, 96.54, 97.54, 98.0, 99.0, 100.0, 86.52, 87.52, 88.52, 79.24, 80.24, 81.24, 93.17, 94.17, 95.17, 91.97, 92.97, 93.97, 98.0, 99.0, 100.0, 73.59, 74.59, 75.59, 81.06, 82.06, 83.06, 78.94, 79.94, 80.94, 68.19, 69.19, 70.19, 90.52, 91.52, 92.52, 95.33, 96.33, 97.33, 80.13, 81.13, 82.13, 98.0, 99.0, 100.0, 98.0, 99.0, 100.0, 96.53, 97.53, 98.53, 93.82, 94.82, 95.82, 98.0, 99.0, 100.0, 73.02, 74.02, 75.02], "pae": [[0.0, 4.94, 2.68, 4.97, 2.67, 19.17, 14.89, 8.67, 20.71, 11.52, 6.88, 11.92, 13.38, 4.77, 16.16, 3.26, 5.77, 12.34, 8.72, 20.54, 14.41, 15.75, 6.08, 11.88, 12.86, 22.53, 19.73, 12.3, 9.62, 7.21, 14.23, 5.98, 9.66, 8.99, 4.4, 13.48, 13.83, 10.92, 8.52, 20.38, 15.04, 22.59, 9.73, 10.33, 5.88, 11.38, 19.99, 18.65, 20.25, 2.16, 14.15, 12.57, 16.75, 3.04, 7.88, 8.07], [4.94, 0.0, 11.8, 10.77, 17.37, 12.67, 15.98, 11.55, 11.59, 13.48, 17.26, 18.22, 10.63, 15.6, 16.15, 3.92, 10.66, 8.7, 13.99, 12.92, 6.5, 15.8, 16.28, 19.76, 20.43, 6.84, 17.21, 14.94, 4.98, 6.52, 3.39, 13.03, 10.29, 16.69, 10.88, 3.98, 11.13, 7.3, 11.99, 8.33, 11.55, 5.26, 9.26, 14.56, 3.96, 16.78, 5.34, 20.75, 9.87, 17.53, 6.59, 12.89, 12.68, 9.2, 10.1, 20.46], [2.68, 11.8, 0.0, 7.2, 8.06, 14.06, 20.24, 16.47, 17.94, 20.65, 12.43, 18.34, 13.97, 10.29, 5.54, 8.77, 21.72, 13.36, 9.64, 9.21, 17.04, 13.96, 12.8, 6.41, 10.81, 20.88, 18.32, 16.23, 7.13, 19.58, 4.22, 13.04, 9.18, 9.37, 9.02, 13.87, 14.19, 18.46, 7.5, 13.36, 7.44, 9.57, 16.23, 2.93, 15.25, 12.33, 4.02, 9.41, 10.4, 6.43, 14.22, 12.34, 21.39, 12.61, 6.55, 13.12], [4.97, 10.77, 7.2, 0.0, 7.4, 18.4, 18.67, 10.89, 14.51, 18.0, 14.29, 4.0, 9.07, 10.39, 9.96, 1.62, 3.67, 10.22, 12.43, 10.83, 17.72, 11.95, 5.39, 7.53, 13.81, 16.78, 7.12, 18.39, 14.28, 9.04, 11.63, 8.28, 7.8, 15.62, 5.71, 8.89, 16.69, 21.58, 11.25, 9.89, 22.59, 11.63, 20.45, 10.12, 16.5, 11.39, 6.5, 6.9, 12.16, 15.53, 16.77, 7.86, 15.51, 19.86, 11.2, 9.66], [2.67, 17.37, 8.06, 7.4, 0.0, 12.67, 10.14, 9.45, 11.48, 15.84, 7.77, 9.81, 12.51, 16.53, 16.28, 16.31, 16.79, 18.35, 12.6, 8.58, 9.35, 14.69, 6.29, 10.3, 6.88, 19.97, 11.43, 11.94, 11.63, 7.2, 10.22, 17.09, 15.99, 15.86, 14.51, 16.93, 12.33, 7.01, 14.97, 6.21, 4.07, 10.51, 15.88, 5.0, 8.62, 16.85, 8.82, 2.99, 12.89, 6.19, 12.08, 15.5, 16.23, 2.48, 16.14, 15.38], [19.17, 12.67, 14.06, 18.4, 12.67, 0.0, 12.52, 11.95, 15.48, 21.75, 12.07, 10.18, 11.37, 5.34, 14.59, 10.58, 16.04, 8.68, 9.46, 3.03, 11.43, 5.17, 8.31, 14.16, 10.93, 16.03, 13.37, 15.55, 7.77, 4.78, 4.26, 4.84, 15.02, 9.34, 17.27, 10.37, 4.15, 8.81, 13.63, 9.73, 12.32, 16.24, 4.13, 10.52, 19.74, 8.32, 13.47, 13.54, 17.41, 6.99, 10.16, 16.6, 20.86, 15.09, 4.76, 8.37], [14.89, 15.98, 20.24, 18.67, 10.14, 12.52, 0.0, 8.92, 18.79, 15.01, 10.15, 8.13, 16.04, 12.85, 17.41, 20.3, 18.99, 13.17, 10.99, 20.37, 5.23, 21.59, 6.71, 10.99, 6.87, 16.67, 15.3, 8.3, 19.36, 8.67, 13.07, 15.34, 13.61, 18.3, 3.84, 12.9, 11.08, 10.05, 15.93, 14.3, 10.7, 12.96, 6.88, 21.49, 13.25, 15.97, 3.71, 7.48, 17.77, 4.55, 15.7, 14.79, 17.76, 5.04, 20.64, 9.92], [8.67, 11.55, 16.47, 10.89, 9.45, 11.95, 8.92, 0.0, 11.35, 12.84, 7.87, 21.34, 18.73, 18.92, 16.81, 3.87, 10.5, 8.05, 15.77, 11.65, 12.61, 6.78, 19.55, 13.66, 10.79, 15.08, 13.93, 11.16, 11.96, 16.72, 1.84, 8.35, 11.09, 7.61, 8.46, 7.76, 9.41, 12.74, 14.19, 9.49, 8.94, 4.67, 17.38, 15.01, 13.38, 15.87, 12.78, 17.37, 14.2, 16.5, 17.27, 15.71, 9.98, 17.42, 4.77, 15.37], [20.71, 11.59, 17.94, 14.51, 11.48, 15.48, 18.79, 11.35, 0.0, 16.71, 15.49, 12.93, 12.29, 2.46, 8.15, 13.76, 16.42, 16.67, 6.85, 11.67, 9.47, 15.94, 7.95, 18.85, 12.8, 11.21, 10.83, 14.07, 10.04, 13.49, 10.03, 3.87, 14.92, 14.29, 14.25, 4.58, 6.87, 14.77, 9.61, 16.77, 16.51, 15.03, 11.53, 10.97, 8.55, 14.0, 22.92, 6.77, 9.13, 21.19, 10.36, 21.77, 8.12, 17.47, 9.98, 5.69], [11.52, 13.48, 20.65, 18.0, 15.84, 21.75, 15.01, 12.84, 16.71, 0.0, 5.16, 14.97, 7.75, 4.21, 11.22, 10.66, 15.7, 14.76, 11.73, 12.42, 8.72, 17.36, 7.94, 13.08, 2.58, 10.79, 12.25, 17.71, 10.31, 3.94, 9.81, 12.42, 12.69, 8.26, 9.37, 10.61, 17.3, 14.1, 9.62, 14.11, 19.55, 8.75, 11.08, 13.37, 9.0, 3.24, 1.98, 3.53, 13.42, 7.71, 16.57, 14.61, 8.44, 3.25, 9.27, 7.02], [6.88, 17.26, 12.43, 14.29, 7.77, 12.07, 10.15, 7.87, 15.49, 5.16, 0.0, 16.87, 11.78, 7.3, 15.87, 8.68, 9.64, 12.61, 7.82, 15.82, 18.46, 10.34, 19.21, 13.25, 9.66, 14.68, 9.34, 7.34, 7.42, 9.07, 16.58, 13.82, 14.78, 11.99, 12.94, 8.33, 10.42, 17.1, 15.9, 22.78, 13.07, 20.02, 4.39, 10.68, 11.12, 12.01, 18.05, 5.38, 5.91, 17.93, 6.29, 11.45, 2.27, 13.6, 20.4, 22.27], [11.92, 18.22, 18.34, 4.0, 9.81, 10.18, 8.13, 21.34, 12.93, 14.97, 16.87, 0.0, 12.07, 11.38, 3.17, 10.59, 8.13, 14.69, 8.82, 18.46, 10.56, 21.71, 1.7, 11.05, 5.84, 6.41, 9.06, 8.39, 11.48, 11.4, 9.7, 16.09, 16.71, 7.98, 17.26, 11.42, 12.39, 14.8, 13.12, 14.53, 19.84, 14.28, 4.67, 12.17, 22.06, 4.67, 17.82, 11.04, 5.54, 5.94, 2.57, 12.82, 10.34, 6.64, 8.95, 17.64], [13.38, 10.63, 13.97, 9.07, 12.51, 11.37, 16.04, 18.73, 12.29, 7.75, 11.78, 12.07, 0.0, 1.99, 9.92, 12.24, 14.58, 11.93, 11.96, 19.21, 5.06, 13.93, 8.85, 6.4, 4.11, 6.77, 9.43, 14.54, 14.97, 9.77, 19.79, 10.51, 4.1, 13.51, 10.17, 5.9, 8.92, 18.12, 1.25, 17.06, 8.86, 9.01, 2.84, 20.35, 7.76, 16.87, 8.38, 18.12, 9.63, 20.32, 5.41, 12.85, 16.63, 15.58, 17.57, 8.97], [4.77, 15.6, 10.29, 10.39, 16.53, 5.34, 12.85, 18.92, 2.46, 4.21, 7.3, 11.38, 1.99, 0.0, 10.99, 14.52, 8.79, 17.57, 13.43, 13.08, 13.52, 15.13, 11.1, 5.57, 11.76, 14.67, 17.55, 10.19, 9.63, 5.46, 5.31, 15.83, 9.89, 5.61, 10.45, 10.74, 14.17, 8.25, 13.69, 17.49, 8.87, 3.2, 12.95, 13.84, 2.63, 16.28, 15.4, 9.77, 7.27, 8.22, 14.07, 6.19, 19.5, 16.26, 15.95, 14.35], [16.16, 16.15, 5.54, 9.96, 16.28, 14.59, 17.41, 16.81, 8.15, 11.22, 15.87, 3.17, 9.92, 10.99, 0.0, 11.67, 12.32, 10.88, 5.9, 19.08, 8.93, 6.91, 18.08, 14.27, 15.8, 17.48, 21.24, 11.69, 19.18, 12.11, 7.74, 19.19, 10.88, 14.03, 4.62, 14.61, 8.21, 21.12, 22.12, 2.03, 9.64, 15.37, 12.46, 16.64, 6.36, 3.07, 4.83, 13.71, 16.84, 13.07, 16.28, 13.21, 7.67, 21.17, 10.42, 4.62], [3.26, 3.92, 8.77, 1.62, 16.31, 10.58, 20.3, 3.87, 13.76, 10.66, 8.68, 10.59, 12.24, 14.52, 11.67, 0.0, 12.51, 12.62, 13.0, 16.09, 9.83, 10.81, 6.97, 4.97, 9.92, 19.65, 8.53, 18.13, 7.04, 8.75, 12.47, 12.25, 5.67, 16.58, 19.91, 18.47, 1.36, 8.63, 11.14, 16.48, 2.74, 14.16, 10.35, 12.5, 7.77, 9.78, 10.73, 12.99, 10.58, 4.25, 14.32, 11.89, 7.75, 6.9, 21.02, 19.2], [5.77, 10.66, 21.72, 3.67, 16.79, 16.04, 18.99, 10.5, 16.42, 15.7, 9.64, 8.13, 14.58, 8.79, 12.32, 12.51, 0.0, 16.53, 19.99, 11.89, 13.17, 14.65, 11.89, 7.17, 5.69, 9.06, 11.53, 4.31, 17.63, 10.25, 16.09, 3.57, 14.71, 14.2, 19.69, 10.43, 11.18, 3.39, 13.81, 14.29, 16.14, 19.4, 4.07, 5.02, 12.42, 13.37, 13.88, 14.33, 18.21, 10.09, 11.61, 15.11, 13.38, 21.59, 13.67, 13.04], [12.34, 8.7, 13.36, 10.22, 18.35, 8.68, 13.17, 8.05, 16.67, 14.76, 12.61, 14.69, 11.93, 17.57, 10.88, 12.62, 16.53, 0.0, 12.02, 3.91, 5.01, 20.47, 5.15, 4.97, 11.66, 14.7, 9.22, 14.03, 11.9, 2.16, 5.57, 14.16, 7.88, 13.75, 18.2, 14.61, 11.14, 13.71, 9.18, 11.23, 18.34, 8.79, 12.91, 4.88, 5.4, 20.76, 14.35, 10.82, 14.84, 18.23, 20.1, 16.14, 19.0, 3.5, 12.37, 17.93], [8.72, 13.99, 9.64, 12.43, 12.6, 9.46, 10.99, 15.77, 6.85, 11.73, 7.82, 8.82, 11.96, 13.43, 5.9, 13.0, 19.99, 12.02, 0.0, 13.51, 10.89, 14.59, 9.6, 18.73, 18.25, 13.98, 17.58, 11.6, 10.25, 7.54, 6.47, 6.83, 9.99, 18.73, 8.92, 12.97, 16.11, 13.97, 16.56, 19.31, 11.45, 9.25, 7.66, 12.58, 14.1, 14.11, 11.24, 6.42, 13.58, 21.48, 7.34, 17.16, 11.92, 12.62, 11.54, 15.42], [20.54, 12.92, 9.21, 10.83, 8.58, 3.03, 20.37, 11.65, 11.67, 12.42, 15.82, 18.46, 19.21, 13.08, 19.08, 16.09, 11.89, 3.91, 13.51, 0.0, 18.88, 6.5, 10.02, 11.1, 4.96, 12.44, 19.26, 13.01, 15.16, 14.13, 13.15, 9.85, 14.85, 13.47, 18.54, 12.12, 8.91, 20.87, 19.57, 17.1, 12.6, 22.51, 11.51, 12.45, 11.39, 11.41, 15.8, 3.93, 4.74, 6.82, 8.65, 2.71, 17.55, 5.85, 19.83, 15.36], [14.41, 6.5, 17.04, 17.72, 9.35, 11.43, 5.23, 12.61, 9.47, 8.72, 18.46, 10.56, 5.06, 13.52, 8.93, 9.83, 13.17, 5.01, 10.89, 18.88, 0.0, 13.83, 3.65, 13.28, 11.5, 7.03, 14.15, 12.98, 9.13, 18.87, 13.45, 5.4, 7.73, 15.75, 2.36, 12.38, 9.6, 18.27, 10.16, 6.48, 8.88, 9.73, 18.54, 4.58, 16.99, 15.23, 13.94, 14.11, 13.2, 7.71, 19.95, 9.71, 8.41, 20.47, 13.44, 17.18], [15.75, 15.8, 13.96, 11.95, 14.69, 5.17, 21.59, 6.78, 15.94, 17.36, 10.34, 21.71, 13.93, 15.13, 6.91, 10.81, 14.65, 20.47, 14.59, 6.5, 13.83, 0.0, 12.99, 12.04, 13.76, 13.31, 10.56, 20.48, 12.19, 19.69, 9.5, 15.97, 8.79, 8.99, 12.59, 12.31, 16.95, 12.79, 11.31, 14.0, 8.93, 18.52, 9.16, 10.35, 8.34, 6.57, 11.77, 17.2, 6.26, 18.09, 17.76, 4.39, 15.05, 2.71, 19.0, 11.57], [6.08, 16.28, 12.8, 5.39, 6.29, 8.31, 6.71, 19.55, 7.95, 7.94, 19.21, 1.7, 8.85, 11.1, 18.08, 6.97, 11.89, 5.15, 9.6, 10.02, 3.65, 12.99, 0.0, 11.32, 13.53, 9.0, 17.85, 0.87, 1.7, 17.22, 14.2, 9.02, 17.02, 15.23, 8.11, 10.55, 10.94, 20.08, 15.89, 12.14, 12.05, 11.65, 4.48, 7.44, 14.68, 10.65, 8.0, 11.54, 6.04, 9.05, 12.3, 18.98, 8.77, 13.68, 12.92, 17.22], [11.88, 19.76, 6.41, 7.53, 10.3, 14.16, 10.99, 13.66, 18.85, 13.08, 13.25, 11.05, 6.4, 5.57, 14.27, 4.97, 7.17, 4.97, 18.73, 11.1, 13.28, 12.04, 11.32, 0.0, 14.2, 9.25, 10.8, 14.38, 12.52, 17.2, 15.84, 10.11, 6.62, 16.2, 18.84, 13.74, 10.06, 7.74, 8.92, 9.41, 18.7, 8.88, 16.79, 10.9, 13.69, 19.1, 14.4, 10.85, 10.51, 17.79, 3.49, 9.28, 9.6, 9.19, 7.28, 7.82], [12.86, 20.43, 10.81, 13.81, 6.88, 10.93, 6.87, 10.79, 12.8, 2.58, 9.66, 5.84, 4.11, 11.76, 15.8, 9.92, 5.69, 11.66, 18.25, 4.96, 11.5, 13.76, 13.53, 14.2, 0.0, 13.86, 13.23, 18.46, 1.92, 11.2, 9.44, 15.71, 12.86, 3.92, 1.62, 8.47, 5.43, 14.02, 22.63, 21.22, 20.42, 10.15, 14.51, 8.99, 5.25, 13.17, 13.91, 11.73, 15.51, 8.37, 4.64, 14.27, 14.7, 3.43, 13.48, 6.91], [22.53, 6.84, 20.88, 16.78, 19.97, 16.03, 16.67, 15.08, 11.21, 10.79, 14.68, 6.41, 6.77, 14.67, 17.48, 19.65, 9.06, 14.7, 13.98, 12.44, 7.03, 13.31, 9.0, 9.25, 13.86, 0.0, 17.24, 5.73, 13.34, 15.74, 14.82, 11.77, 14.26, 19.59, 13.61, 8.41, 13.34, 19.82, 11.26, 17.14, 14.12, 22.33, 15.49, 8.58, 18.2, 5.57, 3.01, 8.1, 15.42, 17.01, 5.98, 3.67, 9.79, 22.67, 5.46, 3.38], [19.73, 17.21, 18.32, 7.12, 11.43, 13.37, 15.3, 13.93, 10.83, 12.25, 9.34, 9.06, 9.43, 17.55, 21.24, 8.53, 11.53, 9.22, 17.58, 19.26, 14.15, 10.56, 17.85, 10.8, 13.23, 17.24, 0.0, 11.85, 4.83, 13.74, 18.92, 9.93, 11.82, 4.42, 8.54, 16.28, 13.69, 7.11, 11.39, 16.17, 11.39, 13.16, 13.36, 4.35, 9.19, 7.89, 19.52, 16.48, 12.0, 14.83, 19.85, 13.47, 11.78, 11.57, 12.33, 17.41], [12.3, 14.94, 16.23, 18.39, 11.94, 15.55, 8.3, 11.16, 14.07, 17.71, 7.34, 8.39, 14.54, 10.19, 11.69, 18.13, 4.31, 14.03, 11.6, 13.01, 12.98, 20.48, 0.87, 14.38, 18.46, 5.73, 11.85, 0.0, 2.75, 23.57, 12.95, 11.27, 11.13, 15.4, 12.24, 5.38, 2.96, 6.49, 4.91, 14.97, 16.46, 3.07, 11.05, 10.92, 11.81, 7.72, 16.14, 7.6, 10.65, 13.52, 10.0, 22.78, 16.65, 8.74, 14.36, 14.59], [9.62, 4.98, 7.13, 14.28, 11.63, 7.77, 19.36, 11.96, 10.04, 10.31, 7.42, 11.48, 14.97, 9.63, 19.18, 7.04, 17.63, 11.9, 10.25, 15.16, 9.13, 12.19, 1.7, 12.52, 1.92, 13.34, 4.83, 2.75, 0.0, 12.3, 5.41, 21.43, 15.52, 8.4, 15.01, 11.36, 4.5, 12.54, 17.71, 10.93, 17.92, 19.76, 19.61, 6.26, 11.6, 12.27, 18.61, 4.99, 11.59, 12.14, 17.88, 4.71, 14.0, 14.95, 6.72, 6.37], [7.21, 6.52, 19.58, 9.04, 7.2, 4.78, 8.67, 16.72, 13.49, 3.94, 9.07, 11.4, 9.77, 5.46, 12.11, 8.75, 10.25, 2.16, 7.54, 14.13, 18.87, 19.69, 17.22, 17.2, 11.2, 15.74, 13.74, 23.57, 12.3, 0.0, 14.77, 9.53, 10.52, 12.17, 7.42, 11.72, 21.04, 4.71, 11.6, 4.34, 3.71, 18.9, 17.22, 20.18, 6.45, 21.68, 11.82, 22.75, 16.01, 4.69, 19.44, 16.11, 17.35, 10.09, 6.21, 21.81], [14.23, 3.39, 4.22, 11.63, 10.22, 4.26, 13.07, 1.84, 10.03, 9.81, 16.58, 9.7, 19.79, 5.31, 7.74, 12.47, 16.09, 5.57, 6.47, 13.15, 13.45, 9.5, 14.2, 15.84, 9.44, 14.82, 18.92, 12.95, 5.41, 14.77, 0.0, 10.32, 15.0, 7.99, 12.63, 7.84, 17.09, 16.37, 7.19, 5.34, 9.49, 8.52, 10.41, 15.99, 2.98, 13.0, 17.6, 14.69, 12.91, 10.58, 10.5, 14.99, 11.5, 12.28, 8.49, 6.23], [5.98, 13.03, 13.04, 8.28, 17.09, 4.84, 15.34, 8.35, 3.87, 12.42, 13.82, 16.09, 10.51, 15.83, 19.19, 12.25, 3.57, 14.16, 6.83, 9.85, 5.4, 15.97, 9.02, 10.11, 15.71, 11.77, 9.93, 11.27, 21.43, 9.53, 10.32, 0.0, 5.73, 6.92, 11.09, 14.66, 18.22, 16.78, 11.07, 10.01, 10.86, 9.79, 15.72, 16.47, 17.78, 11.02, 13.87, 11.24, 15.68, 13.81, 6.09, 16.92, 16.56, 14.54, 6.54, 3.7], [9.66, 10.29, 9.18, 7.8, 15.99, 15.02, 13.61, 11.09, 14.92, 12.69, 14.78, 16.71, 4.1, 9.89, 10.88, 5.67, 14.71, 7.88, 9.99, 14.85, 7.73, 8.79, 17.02, 6.62, 12.86, 14.26, 11.82, 11.13, 15.52, 10.52, 15.0, 5.73, 0.0, 16.97, 22.0, 8.92, 3.5, 18.67, 3.66, 12.74, 7.58, 9.73, 14.59, 10.18, 13.23, 11.83, 12.28, 14.36, 3.63, 16.75, 13.89, 16.01, 17.78, 10.12, 11.41, 11.56], [8.99, 16.69, 9.37, 15.62, 15.86, 9.34, 18.3, 7.61, 14.29, 8.26, 11.99, 7.98, 13.51, 5.61, 14.03, 16.58, 14.2, 13.75, 18.73, 13.47, 15.75, 8.99, 15.23, 16.2, 3.92, 19.59, 4.42, 15.4, 8.4, 12.17, 7.99, 6.92, 16.97, 0.0, 7.45, 9.84, 20.27, 14.99, 18.9, 10.24, 14.79, 6.36, 14.59, 18.73, 7.49, 19.83, 7.53, 19.76, 8.05, 20.0, 16.69, 2.59, 4.67, 21.05, 17.69, 3.61], [4.4, 10.88, 9.02, 5.71, 14.51, 17.27, 3.84, 8.46, 14.25, 9.37, 12.94, 17.26, 10.17, 10.45, 4.62, 19.91, 19.69, 18.2, 8.92, 18.54, 2.36, 12.59, 8.11, 18.84, 1.62, 13.61, 8.54, 12.24, 15.01, 7.42, 12.63, 11.09, 22.0, 7.45, 0.0, 13.27, 10.17, 9.44, 14.5, 14.09, 11.58, 19.32, 19.4, 12.67, 5.16, 4.17, 9.2, 9.44, 4.56, 13.52, 9.31, 10.96, 18.33, 12.29, 4.81, 4.59], [13.48, 3.98, 13.87, 8.89, 16.93, 10.37, 12.9, 7.76, 4.58, 10.61, 8.33, 11.42, 5.9, 10.74, 14.61, 18.47, 10.43, 14.61, 12.97, 12.12, 12.38, 12.31, 10.55, 13.74, 8.47, 8.41, 16.28, 5.38, 11.36, 11.72, 7.84, 14.66, 8.92, 9.84, 13.27, 0.0, 13.69, 17.01, 8.21, 4.85, 6.83, 17.4, 15.4, 12.73, 8.05, 10.73, 12.6, 11.97, 12.01, 11.7, 17.36, 13.81, 9.27, 18.46, 8.97, 9.95], [13.83, 11.13, 14.19, 16.69, 12.33, 4.15, 11.08, 9.41, 6.87, 17.3, 10.42, 12.39, 8.92, 14.17, 8.21, 1.36, 11.18, 11.14, 16.11, 8.91, 9.6, 16.95, 10.94, 10.06, 5.43, 13.34, 13.69, 2.96, 4.5, 21.04, 17.09, 18.22, 3.5, 20.27, 10.17, 13.69, 0.0, 20.74, 14.8, 8.67, 13.74, 16.02, 14.15, 14.41, 8.24, 11.66, 7.53, 15.6, 21.64, 13.48, 8.85, 7.71, 9.16, 16.51, 12.68, 17.55], [10.92, 7.3, 18.46, 21.58, 7.01, 8.81, 10.05, 12.74, 14.77, 14.1, 17.1, 14.8, 18.12, 8.25, 21.12, 8.63, 3.39, 13.71, 13.97, 20.87, 18.27, 12.79, 20.08, 7.74, 14.02, 19.82, 7.11, 6.49, 12.54, 4.71, 16.37, 16.78, 18.67, 14.99, 9.44, 17.01, 20.74, 0.0, 6.64, 6.38, 10.71, 20.89, 4.95, 20.22, 10.08, 4.01, 21.37, 19.34, 15.28, 16.28, 13.88, 19.86, 15.51, 6.48, 6.08, 8.13], [8.52, 11.99, 7.5, 11.25, 14.97, 13.63, 15.93, 14.19, 9.61, 9.62, 15.9, 13.12, 1.25, 13.69, 22.12, 11.14, 13.81, 9.18, 16.56, 19.57, 10.16, 11.31, 15.89, 8.92, 22.63, 11.26, 11.39, 4.91, 17.71, 11.6, 7.19, 11.07, 3.66, 18.9, 14.5, 8.21, 14.8, 6.64, 0.0, 17.09, 10.3, 13.26, 11.89, 15.22, 18.59, 11.07, 17.35, 15.2, 17.81, 2.26, 18.26, 15.16, 10.67, 4.05, 12.95, 8.45], [20.38, 8.33, 13.36, 9.89, 6.21, 9.73, 14.3, 9.49, 16.77, 14.11, 22.78, 14.53, 17.06, 17.49, 2.03, 16.48, 14.29, 11.23, 19.31, 17.1, 6.48, 14.0, 12.14, 9.41, 21.22, 17.14, 16.17, 14.97, 10.93, 4.34, 5.34, 10.01, 12.74, 10.24, 14.09, 4.85, 8.67, 6.38, 17.09, 0.0, 18.06, 7.71, 17.56, 6.21, 13.91, 11.23, 2.09, 12.62, 22.89, 9.02, 17.02, 7.48, 9.02, 4.23, 22.89, 2.67], [15.04, 11.55, 7.44, 22.59, 4.07, 12.32, 10.7, 8.94, 16.51, 19.55, 13.07, 19.84, 8.86, 8.87, 9.64, 2.74, 16.14, 18.34, 11.45, 12.6, 8.88, 8.93, 12.05, 18.7, 20.42, 14.12, 11.39, 16.46, 17.92, 3.71, 9.49, 10.86, 7.58, 14.79, 11.58, 6.83, 13.74, 10.71, 10.3, 18.06, 0.0, 14.53, 11.91, 17.84, 11.65, 14.68, 5.98, 13.12, 5.84, 20.01, 9.79, 18.96, 19.47, 16.57, 6.03, 10.16], [22.59, 5.26, 9.57, 11.63, 10.51, 16.24, 12.96, 4.67, 15.03, 8.75, 20.02, 14.28, 9.01, 3.2, 15.37, 14.16, 19.4, 8.79, 9.25, 22.51, 9.73, 18.52, 11.65, 8.88, 10.15, 22.33, 13.16, 3.07, 19.76, 18.9, 8.52, 9.79, 9.73, 6.36, 19.32, 17.4, 16.02, 20.89, 13.26, 7.71, 14.53, 0.0, 13.04, 14.7, 18.01, 7.68, 10.31, 16.7, 22.09, 21.74, 11.97, 7.18, 1.37, 10.89, 21.16, 12.18], [9.73, 9.26, 16.23, 20.45, 15.88, 4.13, 6.88, 17.38, 11.53, 11.08, 4.39, 4.67, 2.84, 12.95, 12.46, 10.35, 4.07, 12.91, 7.66, 11.51, 18.54, 9.16, 4.48, 16.79, 14.51, 15.49, 13.36, 11.05, 19.61, 17.22, 10.41, 15.72, 14.59, 14.59, 19.4, 15.4, 14.15, 4.95, 11.89, 17.56, 11.91, 13.04, 0.0, 10.44, 12.67, 8.92, 7.23, 17.98, 8.82, 15.85, 6.22, 11.85, 10.77, 9.78, 15.07, 14.12], [10.33, 14.56, 2.93, 10.12, 5.0, 10.52, 21.49, 15.01, 10.97, 13.37, 10.68, 12.17, 20.35, 13.84, 16.64, 12.5, 5.02, 4.88, 12.58, 12.45, 4.58, 10.35, 7.44, 10.9, 8.99, 8.58, 4.35, 10.92, 6.26, 20.18, 15.99, 16.47, 10.18, 18.73, 12.67, 12.73, 14.41, 20.22, 15.22, 6.21, 17.84, 14.7, 10.44, 0.0, 22.25, 10.65, 10.6, 16.17, 15.55, 9.2, 12.59, 21.15, 8.24, 11.07, 11.66, 16.43], [5.88, 3.96, 15.25, 16.5, 8.62, 19.74, 13.25, 13.38, 8.55, 9.0, 11.12, 22.06, 7.76, 2.63, 6.36, 7.77, 12.42, 5.4, 14.1, 11.39, 16.99, 8.34, 14.68, 13.69, 5.25, 18.2, 9.19, 11.81, 11.6, 6.45, 2.98, 17.78, 13.23, 7.49, 5.16, 8.05, 8.24, 10.08, 18.59, 13.91, 11.65, 18.01, 12.67, 22.25, 0.0, 12.24, 15.45, 14.33, 14.1, 20.82, 8.21, 10.11, 19.15, 5.94, 11.85, 6.39], [11.38, 16.78, 12.33, 11.39, 16.85, 8.32, 15.97, 15.87, 14.0, 3.24, 12.01, 4.67, 16.87, 16.28, 3.07, 9.78, 13.37, 20.76, 14.11, 11.41, 15.23, 6.57, 10.65, 19.1, 13.17, 5.57, 7.89, 7.72, 12.27, 21.68, 13.0, 11.02, 11.83, 19.83, 4.17, 10.73, 11.66, 4.01, 11.07, 11.23, 14.68, 7.68, 8.92, 10.65, 12.24, 0.0, 13.71, 10.37, 15.53, 19.39, 12.75, 18.88, 2.05, 15.35, 13.71, 5.74], [19.99, 5.34, 4.02, 6.5, 8.82, 13.47, 3.71, 12.78, 22.92, 1.98, 18.05, 17.82, 8.38, 15.4, 4.83, 10.73, 13.88, 14.35, 11.24, 15.8, 13.94, 11.77, 8.0, 14.4, 13.91, 3.01, 19.52, 16.14, 18.61, 11.82, 17.6, 13.87, 12.28, 7.53, 9.2, 12.6, 7.53, 21.37, 17.35, 2.09, 5.98, 10.31, 7.23, 10.6, 15.45, 13.71, 0.0, 11.98, 16.89, 11.6, 12.01, 10.31, 11.55, 11.18, 4.42, 13.15], [18.65, 20.75, 9.41, 6.9, 2.99, 13.54, 7.48, 17.37, 6.77, 3.53, 5.38, 11.04, 18.12, 9.77, 13.71, 12.99, 14.33, 10.82, 6.42, 3.93, 14.11, 17.2, 11.54, 10.85, 11.73, 8.1, 16.48, 7.6, 4.99, 22.75, 14.69, 11.24, 14.36, 19.76, 9.44, 11.97, 15.6, 19.34, 15.2, 12.62, 13.12, 16.7, 17.98, 16.17, 14.33, 10.37, 11.98, 0.0, 2.02, 22.63, 14.73, 14.05, 13.34, 17.71, 18.59, 5.27], [20.25, 9.87, 10.4, 12.16, 12.89, 17.41, 17.77, 14.2, 9.13, 13.42, 5.91, 5.54, 9.63, 7.27, 16.84, 10.58, 18.21, 14.84, 13.58, 4.74, 13.2, 6.26, 6.04, 10.51, 15.51, 15.42, 12.0, 10.65, 11.59, 16.01, 12.91, 15.68, 3.63, 8.05, 4.56, 12.01, 21.64, 15.28, 17.81, 22.89, 5.84, 22.09, 8.82, 15.55, 14.1, 15.53, 16.89, 2.02, 0.0, 7.78, 17.56, 16.43, 14.49, 17.57, 15.91, 10.48], [2.16, 17.53, 6.43, 15.53, 6.19, 6.99, 4.55, 16.5, 21.19, 7.71, 17.93, 5.94, 20.32, 8.22, 13.07, 4.25, 10.09, 18.23, 21.48, 6.82, 7.71, 18.09, 9.05, 17.79, 8.37, 17.01, 14.83, 13.52, 12.14, 4.69, 10.58, 13.81, 16.75, 20.0, 13.52, 11.7, 13.48, 16.28, 2.26, 9.02, 20.01, 21.74, 15.85, 9.2, 20.82, 19.39, 11.6, 22.63, 7.78, 0.0, 5.07, 2.81, 12.29, 11.86, 13.86, 20.18], [14.15, 6.59, 14.22, 16.77, 12.08, 10.16, 15.7, 17.27, 10.36, 16.57, 6.29, 2.57, 5.41, 14.07, 16.28, 14.32, 11.61, 20.1, 7.34, 8.65, 19.95, 17.76, 12.3, 3.49, 4.64, 5.98, 19.85, 10.0, 17.88, 19.44, 10.5, 6.09, 13.89, 16.69, 9.31, 17.36, 8.85, 13.88, 18.26, 17.02, 9.79, 11.97, 6.22, 12.59, 8.21, 12.75, 12.01, 14.73, 17.56, 5.07, 0.0, 9.73, 7.86, 17.27, 11.51, 5.66], [12.57, 12.89, 12.34, 7.86, 15.5, 16.6, 14.79, 15.71, 21.77, 14.61, 11.45, 12.82, 12.85, 6.19, 13.21, 11.89, 15.11, 16.14, 17.16, 2.71, 9.71, 4.39, 18.98, 9.28, 14.27, 3.67, 13.47, 22.78, 4.71, 16.11, 14.99, 16.92, 16.01, 2.59, 10.96, 13.81, 7.71, 19.86, 15.16, 7.48, 18.96, 7.18, 11.85, 21.15, 10.11, 18.88, 10.31, 14.05, 16.43, 2.81, 9.73, 0.0, 12.72, 11.69, 3.07, 6.54], [16.75, 12.68, 21.39, 15.51, 16.23, 20.86, 17.76, 9.98, 8.12, 8.44, 2.27, 10.34, 16.63, 19.5, 7.67, 7.75, 13.38, 19.0, 11.92, 17.55, 8.41, 15.05, 8.77, 9.6, 14.7, 9.79, 11.78, 16.65, 14.0, 17.35, 11.5, 16.56, 17.78, 4.67, 18.33, 9.27, 9.16, 15.51, 10.67, 9.02, 19.47, 1.37, 10.77, 8.24, 19.15, 2.05, 11.55, 13.34, 14.49, 12.29, 7.86, 12.72, 0.0, 18.49, 21.39, 5.77], [3.04, 9.2, 12.61, 19.86, 2.48, 15.09, 5.04, 17.42, 17.47, 3.25, 13.6, 6.64, 15.58, 16.26, 21.17, 6.9, 21.59, 3.5, 12.62, 5.85, 20.47, 2.71, 13.68, 9.19, 3.43, 22.67, 11.57, 8.74, 14.95, 10.09, 12.28, 14.54, 10.12, 21.05, 12.29, 18.46, 16.51, 6.48, 4.05, 4.23, 16.57, 10.89, 9.78, 11.07, 5.94, 15.35, 11.18, 17.71, 17.57, 11.86, 17.27, 11.69, 18.49, 0.0, 7.57, 20.83], [7.88, 10.1, 6.55, 11.2, 16.14, 4.76, 20.64, 4.77, 9.98, 9.27, 20.4, 8.95, 17.57, 15.95, 10.42, 21.02, 13.67, 12.37, 11.54, 19.83, 13.44, 19.0, 12.92, 7.28, 13.48, 5.46, 12.33, 14.36, 6.72, 6.21, 8.49, 6.54, 11.41, 17.69, 4.81, 8.97, 12.68, 6.08, 12.95, 22.89, 6.03, 21.16, 15.07, 11.66, 11.85, 13.71, 4.42, 18.59, 15.91, 13.86, 11.51, 3.07, 21.39, 7.57, 0.0, 12.47], [8.07, 20.46, 13.12, 9.66, 15.38, 8.37, 9.92, 15.37, 5.69, 7.02, 22.27, 17.64, 8.97, 14.35, 4.62, 19.2, 13.04, 17.93, 15.42, 15.36, 17.18, 11.57, 17.22, 7.82, 6.91, 3.38, 17.41, 14.59, 6.37, 21.81, 6.23, 3.7, 11.56, 3.61, 4.59, 9.95, 17.55, 8.13, 8.45, 2.67, 10.16, 12.18, 14.12, 16.43, 6.39, 5.74, 13.15, 5.27, 10.48, 20.18, 5.66, 6.54, 5.77, 20.83, 12.47, 0.0]], "pde": [[0.0, 4.94, 2.68, 4.97, 2.67, 19.17, 14.89, 8.67, 20.71, 11.52, 6.88, 11.92, 13.38, 4.77, 16.16, 3.26, 5.77, 12.34, 8.72, 20.54, 14.41, 15.75, 6.08, 11.88, 12.86, 22.53, 19.73, 12.3, 9.62, 7.21, 14.23, 5.98, 9.66, 8.99, 4.4, 13.48, 13.83, 10.92, 8.52, 20.38, 15.04, 22.59, 9.73, 10.33, 5.88, 11.38, 19.99, 18.65, 20.25, 2.16, 14.15, 12.57, 16.75, 3.04, 7.88, 8.07], [4.94, 0.0, 11.8, 10.77, 17.37, 12.67, 15.98, 11.55, 11.59, 13.48, 17.26, 18.22, 10.63, 15.6, 16.15, 3.92, 10.66, 8.7, 13.99, 12.92, 6.5, 15.8, 16.28, 19.76, 20.43, 6.84, 17.21, 14.94, 4.98, 6.52, 3.39, 13.03, 10.29, 16.69, 10.88, 3.98, 11.13, 7.3, 11.99, 8.33, 11.55, 5.26, 9.26, 14.56, 3.96, 16.78, 5.34, 20.75, 9.87, 17.53, 6.59, 12.89, 12.68, 9.2, 10.1, 20.46], [2.68, 11.8, 0.0, 7.2, 8.06, 14.06, 20.24, 16.47, 17.94, 20.65, 12.43, 18.34, 13.97, 10.29, 5.54, 8.77, 21.72, 13.36, 9.64, 9.21, 17.04, 13.96, 12.8, 6.41, 10.81, 20.88, 18.32, 16.23, 7.13, 19.58, 4.22, 13.04, 9.18, 9.37, 9.02, 13.87, 14.19, 18.46, 7.5, 13.36, 7.44, 9.57, 16.23, 2.93, 15.25, 12.33, 4.02, 9.41, 10.4, 6.43, 14.22, 12.34, 21.39, 12.61, 6.55, 13.12], [4.97, 10.77, 7.2, 0.0, 7.4, 18.4, 18.67, 10.89, 14.51, 18.0, 14.29, 4.0, 9.07, 10.39, 9.96, 1.62, 3.67, 10.22, 12.43, 10.83, 17.72, 11.95, 5.39, 7.53, 13.81, 16.78, 7.12, 18.39, 14.28, 9.04, 11.63, 8.28, 7.8, 15.62, 5.71, 8.89, 16.69, 21.58, 11.25, 9.89, 22.59, 11.63, 20.45, 10.12, 16.5, 11.39, 6.5, 6.9, 12.16, 15.53, 16.77, 7.86, 15.51, 19.86, 11.2, 9.66], [2.67, 17.37, 8.06, 7.4, 0.0, 12.67, 10.14, 9.45, 11.48, 15.84, 7.77, 9.81, 12.51, 16.53, 16.28, 16.31, 16.79, 18.35, 12.6, 8.58, 9.35, 14.69, 6.29, 10.3, 6.88, 19.97, 11.43, 11.94, 11.63, 7.2, 10.22, 17.09, 15.99, 15.86, 14.51, 16.93, 12.33, 7.01, 14.97, 6.21, 4.07, 10.51, 15.88, 5.0, 8.62, 16.85, 8.82, 2.99, 12.89, 6.19, 12.08, 15.5, 16.23, 2.48, 16.14, 15.38], [19.17, 12.67, 14.06, 18.4, 12.67, 0.0, 12.52, 11.95, 15.48, 21.75, 12.07, 10.18, 11.37, 5.34, 14.59, 10.58, 16.04, 8.68, 9.46, 3.03, 11.43, 5.17, 8.31, 14.16, 10.93, 16.03, 13.37, 15.55, 7.77, 4.78, 4.26, 4.84, 15.02, 9.34, 17.27, 10.37, 4.15, 8.81, 13.63, 9.73, 12.32, 16.24, 4.13, 10.52, 19.74, 8.32, 13.47, 13.54, 17.41, 6.99, 10.16, 16.6, 20.86, 15.09, 4.76, 8.37], [14.89, 15.98, 20.24, 18.67, 10.14, 12.52, 0.0, 8.92, 18.79, 15.01, 10.15, 8.13, 16.04, 12.85, 17.41, 20.3, 18.99, 13.17, 10.99, 20.37, 5.23, 21.59, 6.71, 10.99, 6.87, 16.67, 15.3, 8.3, 19.36, 8.67, 13.07, 15.34, 13.61, 18.3, 3.84, 12.9, 11.08, 10.05, 15.93, 14.3, 10.7, 12.96, 6.88, 21.49, 13.25, 15.97, 3.71, 7.48, 17.77, 4.55, 15.7, 14.79, 17.76, 5.04, 20.64, 9.92], [8.67, 11.55, 16.47, 10.89, 9.45, 11.95, 8.92, 0.0, 11.35, 12.84, 7.87, 21.34, 18.73, 18.92, 16.81, 3.87, 10.5, 8.05, 15.77, 11.65, 12.61, 6.78, 19.55, 13.66, 10.79, 15.08, 13.93, 11.16, 11.96, 16.72, 1.84, 8.35, 11.09, 7.61, 8.46, 7.76, 9.41, 12.74, 14.19, 9.49, 8.94, 4.67, 17.38, 15.01, 13.38, 15.87, 12.78, 17.37, 14.2, 16.5, 17.27, 15.71, 9.98, 17.42, 4.77, 15.37], [20.71, 11.59, 17.94, 14.51, 11.48, 15.48, 18.79, 11.35, 0.0, 16.71, 15.49, 12.93, 12.29, 2.46, 8.15, 13.76, 16.42, 16.67, 6.85, 11.67, 9.47, 15.94, 7.95, 18.85, 12.8, 11.21, 10.83, 14.07, 10.04, 13.49, 10.03, 3.87, 14.92, 14.29, 14.25, 4.58, 6.87, 14.77, 9.61, 16.77, 16.51, 15.03, 11.53, 10.97, 8.55, 14.0, 22.92, 6.77, 9.13, 21.19, 10.36, 21.77, 8.12, 17.47, 9.98, 5.69], [11.52, 13.48, 20.65, 18.0, 15.84, 21.75, 15.01, 12.84, 16.71, 0.0, 5.16, 14.97, 7.75, 4.21, 11.22, 10.66, 15.7, 14.76, 11.73, 12.42, 8.72, 17.36, 7.94, 13.08, 2.58, 10.79, 12.25, 17.71, 10.31, 3.94, 9.81, 12.42, 12.69, 8.26, 9.37, 10.61, 17.3, 14.1, 9.62, 14.11, 19.55, 8.75, 11.08, 13.37, 9.0, 3.24, 1.98, 3.53, 13.42, 7.71, 16.57, 14.61, 8.44, 3.25, 9.27, 7.02], [6.88, 17.26, 12.43, 14.29, 7.77, 12.07, 10.15, 7.87, 15.49, 5.16, 0.0, 16.87, 11.78, 7.3, 15.87, 8.68, 9.64, 12.61, 7.82, 15.82, 18.46, 10.34, 19.21, 13.25, 9.66, 14.68, 9.34, 7.34, 7.42, 9.07, 16.58, 13.82, 14.78, 11.99, 12.94, 8.33, 10.42, 17.1, 15.9, 22.78, 13.07, 20.02, 4.39, 10.68, 11.12, 12.01, 18.05, 5.38, 5.91, 17.93, 6.29, 11.45, 2.27, 13.6, 20.4, 22.27], [11.92, 18.22, 18.34, 4.0, 9.81, 10.18, 8.13, 21.34, 12.93, 14.97, 16.87, 0.0, 12.07, 11.38, 3.17, 10.59, 8.13, 14.69, 8.82, 18.46, 10.56, 21.71, 1.7, 11.05, 5.84, 6.41, 9.06, 8.39, 11.48, 11.4, 9.7, 16.09, 16.71, 7.98, 17.26, 11.42, 12.39, 14.8, 13.12, 14.53, 19.84, 14.28, 4.67, 12.17, 22.06, 4.67, 17.82, 11.04, 5.54, 5.94, 2.57, 12.82, 10.34, 6.64, 8.95, 17.64], [13.38, 10.63, 13.97, 9.07, 12.51, 11.37, 16.04, 18.73, 12.29, 7.75, 11.78, 12.07, 0.0, 1.99, 9.92, 12.24, 14.58, 11.93, 11.96, 19.21, 5.06, 13.93, 8.85, 6.4, 4.11, 6.77, 9.43, 14.54, 14.97, 9.77, 19.79, 10.51, 4.1, 13.51, 10.17, 5.9, 8.92, 18.12, 1.25, 17.06, 8.86, 9.01, 2.84, 20.35, 7.76, 16.87, 8.38, 18.12, 9.63, 20.32, 5.41, 12.85, 16.63, 15.58, 17.57, 8.97], [4.77, 15.6, 10.29, 10.39, 16.53, 5.34, 12.85, 18.92, 2.46, 4.21, 7.3, 11.38, 1.99, 0.0, 10.99, 14.52, 8.79, 17.57, 13.43, 13.08, 13.52, 15.13, 11.1, 5.57, 11.76, 14.67, 17.55, 10.19, 9.63, 5.46, 5.31, 15.83, 9.89, 5.61, 10.45, 10.74, 14.17, 8.25, 13.69, 17.49, 8.87, 3.2, 12.95, 13.84, 2.63, 16.28, 15.4, 9.77, 7.27, 8.22, 14.07, 6.19, 19.5, 16.26, 15.95, 14.35], [16.16, 16.15, 5.54, 9.96, 16.28, 14.59, 17.41, 16.81, 8.15, 11.22, 15.87, 3.17, 9.92, 10.99, 0.0, 11.67, 12.32, 10.88, 5.9, 19.08, 8.93, 6.91, 18.08, 14.27, 15.8, 17.48, 21.24, 11.69, 19.18, 12.11, 7.74, 19.19, 10.88, 14.03, 4.62, 14.61, 8.21, 21.12, 22.12, 2.03, 9.64, 15.37, 12.46, 16.64, 6.36, 3.07, 4.83, 13.71, 16.84, 13.07, 16.28, 13.21, 7.67, 21.17, 10.42, 4.62], [3.26, 3.92, 8.77, 1.62, 16.31, 10.58, 20.3, 3.87, 13.76, 10.66, 8.68, 10.59, 12.24, 14.52, 11.67, 0.0, 12.51, 12.62, 13.0, 16.09, 9.83, 10.81, 6.97, 4.97, 9.92, 19.65, 8.53, 18.13, 7.04, 8.75, 12.47, 12.25, 5.67, 16.58, 19.91, 18.47, 1.36, 8.63, 11.14, 16.48, 2.74, 14.16, 10.35, 12.5, 7.77, 9.78, 10.73, 12.99, 10.58, 4.25, 14.32, 11.89, 7.75, 6.9, 21.02, 19.2], [5.77, 10.66, 21.72, 3.67, 16.79, 16.04, 18.99, 10.5, 16.42, 15.7, 9.64, 8.13, 14.58, 8.79, 12.32, 12.51, 0.0, 16.53, 19.99, 11.89, 13.17, 14.65, 11.89, 7.17, 5.69, 9.06, 11.53, 4.31, 17.63, 10.25, 16.09, 3.57, 14.71, 14.2, 19.69, 10.43, 11.18, 3.39, 13.81, 14.29, 16.14, 19.4, 4.07, 5.02, 12.42, 13.37, 13.88, 14.33, 18.21, 10.09, 11.61, 15.11, 13.38, 21.59, 13.67, 13.04], [12.34, 8.7, 13.36, 10.22, 18.35, 8.68, 13.17, 8.05, 16.67, 14.76, 12.61, 14.69, 11.93, 17.57, 10.88, 12.62, 16.53, 0.0, 12.02, 3.91, 5.01, 20.47, 5.15, 4.97, 11.66, 14.7, 9.22, 14.03, 11.9, 2.16, 5.57, 14.16, 7.88, 13.75, 18.2, 14.61, 11.14, 13.71, 9.18, 11.23, 18.34, 8.79, 12.91, 4.88, 5.4, 20.76, 14.35, 10.82, 14.84, 18.23, 20.1, 16.14, 19.0, 3.5, 12.37, 17.93], [8.72, 13.99, 9.64, 12.43, 12.6, 9.46, 10.99, 15.77, 6.85, 11.73, 7.82, 8.82, 11.96, 13.43, 5.9, 13.0, 19.99, 12.02, 0.0, 13.51, 10.89, 14.59, 9.6, 18.73, 18.25, 13.98, 17.58, 11.6, 10.25, 7.54, 6.47, 6.83, 9.99, 18.73, 8.92, 12.97, 16.11, 13.97, 16.56, 19.31, 11.45, 9.25, 7.66, 12.58, 14.1, 14.11, 11.24, 6.42, 13.58, 21.48, 7.34, 17.16, 11.92, 12.62, 11.54, 15.42], [20.54, 12.92, 9.21, 10.83, 8.58, 3.03, 20.37, 11.65, 11.67, 12.42, 15.82, 18.46, 19.21, 13.08, 19.08, 16.09, 11.89, 3.91, 13.51, 0.0, 18.88, 6.5, 10.02, 11.1, 4.96, 12.44, 19.26, 13.01, 15.16, 14.13, 13.15, 9.85, 14.85, 13.47, 18.54, 12.12, 8.91, 20.87, 19.57, 17.1, 12.6, 22.51, 11.51, 12.45, 11.39, 11.41, 15.8, 3.93, 4.74, 6.82, 8.65, 2.71, 17.55, 5.85, 19.83, 15.36], [14.41, 6.5, 17.04, 17.72, 9.35, 11.43, 5.23, 12.61, 9.47, 8.72, 18.46, 10.56, 5.06, 13.52, 8.93, 9.83, 13.17, 5.01, 10.89, 18.88, 0.0, 13.83, 3.65, 13.28, 11.5, 7.03, 14.15, 12.98, 9.13, 18.87, 13.45, 5.4, 7.73, 15.75, 2.36, 12.38, 9.6, 18.27, 10.16, 6.48, 8.88, 9.73, 18.54, 4.58, 16.99, 15.23, 13.94, 14.11, 13.2, 7.71, 19.95, 9.71, 8.41, 20.47, 13.44, 17.18], [15.75, 15.8, 13.96, 11.95, 14.69, 5.17, 21.59, 6.78, 15.94, 17.36, 10.34, 21.71, 13.93, 15.13, 6.91, 10.81, 14.65, 20.47, 14.59, 6.5, 13.83, 0.0, 12.99, 12.04, 13.76, 13.31, 10.56, 20.48, 12.19, 19.69, 9.5, 15.97, 8.79, 8.99, 12.59, 12.31, 16.95, 12.79, 11.31, 14.0, 8.93, 18.52, 9.16, 10.35, 8.34, 6.57, 11.77, 17.2, 6.26, 18.09, 17.76, 4.39, 15.05, 2.71, 19.0, 11.57], [6.08, 16.28, 12.8, 5.39, 6.29, 8.31, 6.71, 19.55, 7.95, 7.94, 19.21, 1.7, 8.85, 11.1, 18.08, 6.97, 11.89, 5.15, 9.6, 10.02, 3.65, 12.99, 0.0, 11.32, 13.53, 9.0, 17.85, 0.87, 1.7, 17.22, 14.2, 9.02, 17.02, 15.23, 8.11, 10.55, 10.94, 20.08, 15.89, 12.14, 12.05, 11.65, 4.48, 7.44, 14.68, 10.65, 8.0, 11.54, 6.04, 9.05, 12.3, 18.98, 8.77, 13.68, 12.92, 17.22], [11.88, 19.76, 6.41, 7.53, 10.3, 14.16, 10.99, 13.66, 18.85, 13.08, 13.25, 11.05, 6.4, 5.57, 14.27, 4.97, 7.17, 4.97, 18.73, 11.1, 13.28, 12.04, 11.32, 0.0, 14.2, 9.25, 10.8, 14.38, 12.52, 17.2, 15.84, 10.11, 6.62, 16.2, 18.84, 13.74, 10.06, 7.74, 8.92, 9.41, 18.7, 8.88, 16.79, 10.9, 13.69, 19.1, 14.4, 10.85, 10.51, 17.79, 3.49, 9.28, 9.6, 9.19, 7.28, 7.82], [12.86, 20.43, 10.81, 13.81, 6.88, 10.93, 6.87, 10.79, 12.8, 2.58, 9.66, 5.84, 4.11, 11.76, 15.8, 9.92, 5.69, 11.66, 18.25, 4.96, 11.5, 13.76, 13.53, 14.2, 0.0, 13.86, 13.23, 18.46, 1.92, 11.2, 9.44, 15.71, 12.86, 3.92, 1.62, 8.47, 5.43, 14.02, 22.63, 21.22, 20.42, 10.15, 14.51, 8.99, 5.25, 13.17, 13.91, 11.73, 15.51, 8.37, 4.64, 14.27, 14.7, 3.43, 13.48, 6.91], [22.53, 6.84, 20.88, 16.78, 19.97, 16.03, 16.67, 15.08, 11.21, 10.79, 14.68, 6.41, 6.77, 14.67, 17.48, 19.65, 9.06, 14.7, 13.98, 12.44, 7.03, 13.31, 9.0, 9.25, 13.86, 0.0, 17.24, 5.73, 13.34, 15.74, 14.82, 11.77, 14.26, 19.59, 13.61, 8.41, 13.34, 19.82, 11.26, 17.14, 14.12, 22.33, 15.49, 8.58, 18.2, 5.57, 3.01, 8.1, 15.42, 17.01, 5.98, 3.67, 9.79, 22.67, 5.46, 3.38], [19.73, 17.21, 18.32, 7.12, 11.43, 13.37, 15.3, 13.93, 10.83, 12.25, 9.34, 9.06, 9.43, 17.55, 21.24, 8.53, 11.53, 9.22, 17.58, 19.26, 14.15, 10.56, 17.85, 10.8, 13.23, 17.24, 0.0, 11.85, 4.83, 13.74, 18.92, 9.93, 11.82, 4.42, 8.54, 16.28, 13.69, 7.11, 11.39, 16.17, 11.39, 13.16, 13.36, 4.35, 9.19, 7.89, 19.52, 16.48, 12.0, 14.83, 19.85, 13.47, 11.78, 11.57, 12.33, 17.41], [12.3, 14.94, 16.23, 18.39, 11.94, 15.55, 8.3, 11.16, 14.07, 17.71, 7.34, 8.39, 14.54, 10.19, 11.69, 18.13, 4.31, 14.03, 11.6, 13.01, 12.98, 20.48, 0.87, 14.38, 18.46, 5.73, 11.85, 0.0, 2.75, 23.57, 12.95, 11.27, 11.13, 15.4, 12.24, 5.38, 2.96, 6.49, 4.91, 14.97, 16.46, 3.07, 11.05, 10.92, 11.81, 7.72, 16.14, 7.6, 10.65, 13.52, 10.0, 22.78, 16.65, 8.74, 14.36, 14.59], [9.62, 4.98, 7.13, 14.28, 11.63, 7.77, 19.36, 11.96, 10.04, 10.31, 7.42, 11.48, 14.97, 9.63, 19.18, 7.04, 17.63, 11.9, 10.25, 15.16, 9.13, 12.19, 1.7, 12.52, 1.92, 13.34, 4.83, 2.75, 0.0, 12.3, 5.41, 21.43, 15.52, 8.4, 15.01, 11.36, 4.5, 12.54, 17.71, 10.93, 17.92, 19.76, 19.61, 6.26, 11.6, 12.27, 18.61, 4.99, 11.59, 12.14, 17.88, 4.71, 14.0, 14.95, 6.72, 6.37], [7.21, 6.52, 19.58, 9.04, 7.2, 4.78, 8.67, 16.72, 13.49, 3.94, 9.07, 11.4, 9.77, 5.46, 12.11, 8.75, 10.25, 2.16, 7.54, 14.13, 18.87, 19.69, 17.22, 17.2, 11.2, 15.74, 13.74, 23.57, 12.3, 0.0, 14.77, 9.53, 10.52, 12.17, 7.42, 11.72, 21.04, 4.71, 11.6, 4.34, 3.71, 18.9, 17.22, 20.18, 6.45, 21.68, 11.82, 22.75, 16.01, 4.69, 19.44, 16.11, 17.35, 10.09, 6.21, 21.81], [14.23, 3.39, 4.22, 11.63, 10.22, 4.26, 13.07, 1.84, 10.03, 9.81, 16.58, 9.7, 19.79, 5.31, 7.74, 12.47, 16.09, 5.57, 6.47, 13.15, 13.45, 9.5, 14.2, 15.84, 9.44, 14.82, 18.92, 12.95, 5.41, 14.77, 0.0, 10.32, 15.0, 7.99, 12.63, 7.84, 17.09, 16.37, 7.19, 5.34, 9.49, 8.52, 10.41, 15.99, 2.98, 13.0, 17.6, 14.69, 12.91, 10.58, 10.5, 14.99, 11.5, 12.28, 8.49, 6.23], [5.98, 13.03, 13.04, 8.28, 17.09, 4.84, 15.34, 8.35, 3.87, 12.42, 13.82, 16.09, 10.51, 15.83, 19.19, 12.25, 3.57, 14.16, 6.83, 9.85, 5.4, 15.97, 9.02, 10.11, 15.71, 11.77, 9.93, 11.27, 21.43, 9.53, 10.32, 0.0, 5.73, 6.92, 11.09, 14.66, 18.22, 16.78, 11.07, 10.01, 10.86, 9.79, 15.72, 16.47, 17.78, 11.02, 13.87, 11.24, 15.68, 13.81, 6.09, 16.92, 16.56, 14.54, 6.54, 3.7], [9.66, 10.29, 9.18, 7.8, 15.99, 15.02, 13.61, 11.09, 14.92, 12.69, 14.78, 16.71, 4.1, 9.89, 10.88, 5.67, 14.71, 7.88, 9.99, 14.85, 7.73, 8.79, 17.02, 6.62, 12.86, 14.26, 11.82, 11.13, 15.52, 10.52, 15.0, 5.73, 0.0, 16.97, 22.0, 8.92, 3.5, 18.67, 3.66, 12.74, 7.58, 9.73, 14.59, 10.18, 13.23, 11.83, 12.28, 14.36, 3.63, 16.75, 13.89, 16.01, 17.78, 10.12, 11.41, 11.56], [8.99, 16.69, 9.37, 15.62, 15.86, 9.34, 18.3, 7.61, 14.29, 8.26, 11.99, 7.98, 13.51, 5.61, 14.03, 16.58, 14.2, 13.75, 18.73, 13.47, 15.75, 8.99, 15.23, 16.2, 3.92, 19.59, 4.42, 15.4, 8.4, 12.17, 7.99, 6.92, 16.97, 0.0, 7.45, 9.84, 20.27, 14.99, 18.9, 10.24, 14.79, 6.36, 14.59, 18.73, 7.49, 19.83, 7.53, 19.76, 8.05, 20.0, 16.69, 2.59, 4.67, 21.05, 17.69, 3.61], [4.4, 10.88, 9.02, 5.71, 14.51, 17.27, 3.84, 8.46, 14.25, 9.37, 12.94, 17.26, 10.17, 10.45, 4.62, 19.91, 19.69, 18.2, 8.92, 18.54, 2.36, 12.59, 8.11, 18.84, 1.62, 13.61, 8.54, 12.24, 15.01, 7.42, 12.63, 11.09, 22.0, 7.45, 0.0, 13.27, 10.17, 9.44, 14.5, 14.09, 11.58, 19.32, 19.4, 12.67, 5.16, 4.17, 9.2, 9.44, 4.56, 13.52, 9.31, 10.96, 18.33, 12.29, 4.81, 4.59], [13.48, 3.98, 13.87, 8.89, 16.93, 10.37, 12.9, 7.76, 4.58, 10.61, 8.33, 11.42, 5.9, 10.74, 14.61, 18.47, 10.43, 14.61, 12.97, 12.12, 12.38, 12.31, 10.55, 13.74, 8.47, 8.41, 16.28, 5.38, 11.36, 11.72, 7.84, 14.66, 8.92, 9.84, 13.27, 0.0, 13.69, 17.01, 8.21, 4.85, 6.83, 17.4, 15.4, 12.73, 8.05, 10.73, 12.6, 11.97, 12.01, 11.7, 17.36, 13.81, 9.27, 18.46, 8.97, 9.95], [13.83, 11.13, 14.19, 16.69, 12.33, 4.15, 11.08, 9.41, 6.87, 17.3, 10.42, 12.39, 8.92, 14.17, 8.21, 1.36, 11.18, 11.14, 16.11, 8.91, 9.6, 16.95, 10.94, 10.06, 5.43, 13.34, 13.69, 2.96, 4.5, 21.04, 17.09, 18.22, 3.5, 20.27, 10.17, 13.69, 0.0, 20.74, 14.8, 8.67, 13.74, 16.02, 14.15, 14.41, 8.24, 11.66, 7.53, 15.6, 21.64, 13.48, 8.85, 7.71, 9.16, 16.51, 12.68, 17.55], [10.92, 7.3, 18.46, 21.58, 7.01, 8.81, 10.05, 12.74, 14.77, 14.1, 17.1, 14.8, 18.12, 8.25, 21.12, 8.63, 3.39, 13.71, 13.97, 20.87, 18.27, 12.79, 20.08, 7.74, 14.02, 19.82, 7.11, 6.49, 12.54, 4.71, 16.37, 16.78, 18.67, 14.99, 9.44, 17.01, 20.74, 0.0, 6.64, 6.38, 10.71, 20.89, 4.95, 20.22, 10.08, 4.01, 21.37, 19.34, 15.28, 16.28, 13.88, 19.86, 15.51, 6.48, 6.08, 8.13], [8.52, 11.99, 7.5, 11.25, 14.97, 13.63, 15.93, 14.19, 9.61, 9.62, 15.9, 13.12, 1.25, 13.69, 22.12, 11.14, 13.81, 9.18, 16.56, 19.57, 10.16, 11.31, 15.89, 8.92, 22.63, 11.26, 11.39, 4.91, 17.71, 11.6, 7.19, 11.07, 3.66, 18.9, 14.5, 8.21, 14.8, 6.64, 0.0, 17.09, 10.3, 13.26, 11.89, 15.22, 18.59, 11.07, 17.35, 15.2, 17.81, 2.26, 18.26, 15.16, 10.67, 4.05, 12.95, 8.45], [20.38, 8.33, 13.36, 9.89, 6.21, 9.73, 14.3, 9.49, 16.77, 14.11, 22.78, 14.53, 17.06, 17.49, 2.03, 16.48, 14.29, 11.23, 19.31, 17.1, 6.48, 14.0, 12.14, 9.41, 21.22, 17.14, 16.17, 14.97, 10.93, 4.34, 5.34, 10.01, 12.74, 10.24, 14.09, 4.85, 8.67, 6.38, 17.09, 0.0, 18.06, 7.71, 17.56, 6.21, 13.91, 11.23, 2.09, 12.62, 22.89, 9.02, 17.02, 7.48, 9.02, 4.23, 22.89, 2.67], [15.04, 11.55, 7.44, 22.59, 4.07, 12.32, 10.7, 8.94, 16.51, 19.55, 13.07, 19.84, 8.86, 8.87, 9.64, 2.74, 16.14, 18.34, 11.45, 12.6, 8.88, 8.93, 12.05, 18.7, 20.42, 14.12, 11.39, 16.46, 17.92, 3.71, 9.49, 10.86, 7.58, 14.79, 11.58, 6.83, 13.74, 10.71, 10.3, 18.06, 0.0, 14.53, 11.91, 17.84, 11.65, 14.68, 5.98, 13.12, 5.84, 20.01, 9.79, 18.96, 19.47, 16.57, 6.03, 10.16], [22.59, 5.26, 9.57, 11.63, 10.51, 16.24, 12.96, 4.67, 15.03, 8.75, 20.02, 14.28, 9.01, 3.2, 15.37, 14.16, 19.4, 8.79, 9.25, 22.51, 9.73, 18.52, 11.65, 8.88, 10.15, 22.33, 13.16, 3.07, 19.76, 18.9, 8.52, 9.79, 9.73, 6.36, 19.32, 17.4, 16.02, 20.89, 13.26, 7.71, 14.53, 0.0, 13.04, 14.7, 18.01, 7.68, 10.31, 16.7, 22.09, 21.74, 11.97, 7.18, 1.37, 10.89, 21.16, 12.18], [9.73, 9.26, 16.23, 20.45, 15.88, 4.13, 6.88, 17.38, 11.53, 11.08, 4.39, 4.67, 2.84, 12.95, 12.46, 10.35, 4.07, 12.91, 7.66, 11.51, 18.54, 9.16, 4.48, 16.79, 14.51, 15.49, 13.36, 11.05, 19.61, 17.22, 10.41, 15.72, 14.59, 14.59, 19.4, 15.4, 14.15, 4.95, 11.89, 17.56, 11.91, 13.04, 0.0, 10.44, 12.67, 8.92, 7.23, 17.98, 8.82, 15.85, 6.22, 11.85, 10.77, 9.78, 15.07, 14.12], [10.33, 14.56, 2.93, 10.12, 5.0, 10.52, 21.49, 15.01, 10.97, 13.37, 10.68, 12.17, 20.35, 13.84, 16.64, 12.5, 5.02, 4.88, 12.58, 12.45, 4.58, 10.35, 7.44, 10.9, 8.99, 8.58, 4.35, 10.92, 6.26, 20.18, 15.99, 16.47, 10.18, 18.73, 12.67, 12.73, 14.41, 20.22, 15.22, 6.21, 17.84, 14.7, 10.44, 0.0, 22.25, 10.65, 10.6, 16.17, 15.55, 9.2, 12.59, 21.15, 8.24, 11.07, 11.66, 16.43], [5.88, 3.96, 15.25, 16.5, 8.62, 19.74, 13.25, 13.38, 8.55, 9.0, 11.12, 22.06, 7.76, 2.63, 6.36, 7.77, 12.42, 5.4, 14.1, 11.39, 16.99, 8.34, 14.68, 13.69, 5.25, 18.2, 9.19, 11.81, 11.6, 6.45, 2.98, 17.78, 13.23, 7.49, 5.16, 8.05, 8.24, 10.08, 18.59, 13.91, 11.65, 18.01, 12.67, 22.25, 0.0, 12.24, 15.45, 14.33, 14.1, 20.82, 8.21, 10.11, 19.15, 5.94, 11.85, 6.39], [11.38, 16.78, 12.33, 11.39, 16.85, 8.32, 15.97, 15.87, 14.0, 3.24, 12.01, 4.67, 16.87, 16.28, 3.07, 9.78, 13.37, 20.76, 14.11, 11.41, 15.23, 6.57, 10.65, 19.1, 13.17, 5.57, 7.89, 7.72, 12.27, 21.68, 13.0, 11.02, 11.83, 19.83, 4.17, 10.73, 11.66, 4.01, 11.07, 11.23, 14.68, 7.68, 8.92, 10.65, 12.24, 0.0, 13.71, 10.37, 15.53, 19.39, 12.75, 18.88, 2.05, 15.35, 13.71, 5.74], [19.99, 5.34, 4.02, 6.5, 8.82, 13.47, 3.71, 12.78, 22.92, 1.98, 18.05, 17.82, 8.38, 15.4, 4.83, 10.73, 13.88, 14.35, 11.24, 15.8, 13.94, 11.77, 8.0, 14.4, 13.91, 3.01, 19.52, 16.14, 18.61, 11.82, 17.6, 13.87, 12.28, 7.53, 9.2, 12.6, 7.53, 21.37, 17.35, 2.09, 5.98, 10.31, 7.23, 10.6, 15.45, 13.71, 0.0, 11.98, 16.89, 11.6, 12.01, 10.31, 11.55, 11.18, 4.42, 13.15], [18.65, 20.75, 9.41, 6.9, 2.99, 13.54, 7.48, 17.37, 6.77, 3.53, 5.38, 11.04, 18.12, 9.77, 13.71, 12.99, 14.33, 10.82, 6.42, 3.93, 14.11, 17.2, 11.54, 10.85, 11.73, 8.1, 16.48, 7.6, 4.99, 22.75, 14.69, 11.24, 14.36, 19.76, 9.44, 11.97, 15.6, 19.34, 15.2, 12.62, 13.12, 16.7, 17.98, 16.17, 14.33, 10.37, 11.98, 0.0, 2.02, 22.63, 14.73, 14.05, 13.34, 17.71, 18.59, 5.27], [20.25, 9.87, 10.4, 12.16, 12.89, 17.41, 17.77, 14.2, 9.13, 13.42, 5.91, 5.54, 9.63, 7.27, 16.84, 10.58, 18.21, 14.84, 13.58, 4.74, 13.2, 6.26, 6.04, 10.51, 15.51, 15.42, 12.0, 10.65, 11.59, 16.01, 12.91, 15.68, 3.63, 8.05, 4.56, 12.01, 21.64, 15.28, 17.81, 22.89, 5.84, 22.09, 8.82, 15.55, 14.1, 15.53, 16.89, 2.02, 0.0, 7.78, 17.56, 16.43, 14.49, 17.57, 15.91, 10.48], [2.16, 17.53, 6.43, 15.53, 6.19, 6.99, 4.55, 16.5, 21.19, 7.71, 17.93, 5.94, 20.32, 8.22, 13.07, 4.25, 10.09, 18.23, 21.48, 6.82, 7.71, 18.09, 9.05, 17.79, 8.37, 17.01, 14.83, 13.5