{"atom_plddts": [69.14, 73.96, 73.67, 85.78, 62.25, 87.73, 78.51, 99.0, 99.0, 99.0, 99.0, 89.36, 99.0, 99.0, 82.16, 97.32, 89.49, 99.0, 79.96, 86.38, 94.35, 93.1, 70.33, 94.32, 88.58, 87.12, 88.14, 92.63, 68.2, 99.0, 79.66, 63.1, 89.02, 99.0, 83.78, 99.0, 99.0, 79.65, 60.42, 75.18, 99.0, 80.2, 71.87, 73.95, 90.0, 89.69, 99.0, 99.0, 78.81, 88.12, 76.39, 90.86, 76.19, 75.6, 99.0, 90.39], "pae": [[0.0, 9.85, 14.07, 3.03, 11.76, 11.87, 7.02, 11.54, 17.23, 4.42, 14.48, 5.49, 9.2, 13.56, 10.76, 19.19, 12.46, 4.07, 11.95, 7.48, 6.78, 14.05, 13.83, 13.24, 12.78, 5.72, 5.74, 21.08, 18.58, 16.24, 10.09, 12.86, 11.1, 14.61, 16.99, 12.09, 6.88, 17.45, 18.73, 18.93, 7.94, 8.61, 8.11, 7.86, 11.13, 6.25, 19.19, 6.51, 11.95, 11.82, 13.4, 17.17, 19.34, 11.45, 7.47, 5.79], [9.85, 0.0, 10.01, 13.44, 12.24, 12.49, 17.17, 9.49, 9.05, 13.1, 10.04, 7.24, 2.22, 11.88, 7.3, 9.65, 8.93, 14.64, 17.7, 9.55, 8.22, 21.08, 20.31, 9.66, 0.82, 12.67, 23.21, 16.41, 11.17, 13.01, 17.18, 13.79, 16.73, 13.64, 14.26, 14.33, 12.76, 11.73, 5.85, 17.5, 9.76, 12.63, 3.27, 7.53, 19.27, 9.24, 11.7, 14.59, 5.78, 10.29, 20.08, 9.75, 3.24, 21.45, 9.93, 16.98], [14.07, 10.01, 0.0, 18.29, 8.19, 10.23, 12.37, 13.3, 14.76, 12.78, 11.44, 6.86, 12.56, 6.23, 7.31, 6.15, 14.5, 16.85, 11.09, 11.83, 19.75, 9.16, 19.91, 6.82, 21.94, 12.24, 11.45, 6.55, 12.76, 9.05, 9.95, 9.3, 17.65, 19.33, 4.76, 10.99, 3.59, 13.78, 15.29, 13.51, 16.53, 17.78, 14.74, 14.06, 7.31, 14.81, 12.56, 11.99, 8.58, 18.57, 16.92, 17.5, 12.94, 14.66, 14.21, 20.26], [3.03, 13.44, 18.29, 0.0, 17.64, 12.61, 15.73, 18.82, 12.23, 18.57, 10.95, 5.18, 3.83, 9.03, 7.27, 13.64, 9.41, 13.3, 16.28, 14.45, 12.98, 15.88, 12.1, 10.85, 14.29, 16.14, 3.17, 11.93, 18.54, 12.94, 20.02, 13.9, 9.15, 17.37, 10.69, 13.82, 10.9, 16.73, 7.8, 12.11, 2.26, 9.39, 17.55, 15.19, 15.75, 6.68, 20.31, 12.22, 15.66, 12.49, 10.22, 6.56, 1.61, 15.24, 20.77, 19.86], [11.76, 12.24, 8.19, 17.64, 0.0, 14.37, 15.39, 4.93, 8.55, 8.09, 15.6, 12.05, 8.45, 17.01, 15.17, 21.4, 12.75, 6.35, 13.97, 9.16, 11.96, 5.3, 7.49, 18.66, 10.24, 9.75, 10.11, 13.46, 13.39, 11.97, 4.62, 19.0, 7.33, 8.07, 10.42, 20.0, 20.04, 13.05, 12.41, 6.52, 15.09, 15.77, 14.81, 9.95, 17.06, 17.22, 8.34, 15.8, 13.68, 9.87, 10.97, 6.18, 3.79, 10.04, 8.46, 14.91], [11.87, 12.49, 10.23, 12.61, 14.37, 0.0, 15.9, 8.7, 8.49, 17.67, 10.53, 15.53, 17.59, 11.32, 15.97, 12.58, 18.03, 7.93, 14.28, 12.68, 4.96, 10.11, 11.69, 5.51, 20.44, 14.16, 12.21, 4.05, 11.28, 10.41, 9.11, 8.21, 15.82, 18.37, 18.44, 15.76, 15.78, 20.46, 16.5, 14.79, 12.74, 8.87, 13.56, 18.26, 19.07, 12.95, 9.23, 10.1, 12.93, 15.67, 13.74, 12.9, 15.71, 11.98, 19.9, 7.64], [7.02, 17.17, 12.37, 15.73, 15.39, 15.9, 0.0, 6.9, 6.49, 8.06, 13.42, 14.31, 16.1, 9.5, 16.98, 15.44, 11.36, 13.6, 14.38, 5.54, 13.8, 8.21, 13.15, 12.18, 8.92, 18.75, 14.99, 17.83, 8.53, 3.27, 12.26, 11.89, 12.33, 4.1, 18.2, 13.62, 10.65, 18.65, 13.5, 13.88, 15.63, 8.17, 7.05, 12.61, 19.84, 13.56, 10.75, 7.89, 8.15, 6.56, 14.64, 11.55, 10.93, 13.4, 3.36, 15.19], [11.54, 9.49, 13.3, 18.82, 4.93, 8.7, 6.9, 0.0, 4.67, 12.68, 15.4, 22.35, 22.23, 16.52, 11.56, 1.92, 13.28, 12.01, 11.52, 14.73, 16.34, 10.46, 7.74, 16.4, 13.18, 6.61, 21.69, 16.83, 15.15, 12.98, 16.71, 8.15, 18.03, 10.84, 15.37, 5.97, 12.77, 6.21, 13.06, 20.43, 12.73, 8.11, 21.75, 16.55, 17.86, 10.19, 16.46, 4.45, 11.87, 8.36, 16.93, 8.64, 10.79, 8.64, 12.57, 11.3], [17.23, 9.05, 14.76, 12.23, 8.55, 8.49, 6.49, 4.67, 0.0, 11.84, 11.03, 15.46, 16.82, 17.15, 10.21, 1.69, 8.76, 9.65, 17.77, 15.77, 14.47, 13.17, 9.54, 5.74, 11.84, 13.99, 7.42, 13.23, 10.91, 18.67, 18.03, 3.29, 9.58, 2.53, 8.89, 13.91, 13.94, 12.39, 10.65, 12.42, 14.95, 7.28, 10.33, 17.29, 10.88, 10.93, 13.82, 9.43, 14.49, 14.64, 22.59, 15.25, 11.29, 14.33, 13.03, 19.36], [4.42, 13.1, 12.78, 18.57, 8.09, 17.67, 8.06, 12.68, 11.84, 0.0, 21.67, 8.54, 11.94, 16.62, 20.92, 10.16, 11.33, 11.8, 11.14, 6.08, 8.11, 5.4, 4.55, 13.57, 11.78, 7.8, 7.71, 10.09, 9.77, 8.08, 10.99, 12.87, 13.38, 5.62, 11.05, 16.52, 15.84, 7.78, 15.42, 14.35, 22.5, 21.88, 13.53, 11.11, 13.8, 7.02, 23.05, 11.91, 11.49, 8.2, 15.14, 13.21, 19.02, 18.44, 16.92, 3.89], [14.48, 10.04, 11.44, 10.95, 15.6, 10.53, 13.42, 15.4, 11.03, 21.67, 0.0, 13.26, 21.12, 11.09, 13.44, 6.57, 11.79, 11.47, 16.67, 6.79, 12.38, 11.18, 3.21, 19.27, 14.45, 18.14, 15.59, 6.56, 10.66, 17.47, 11.15, 15.49, 13.58, 18.33, 16.46, 12.92, 5.05, 17.05, 18.01, 14.72, 10.41, 12.01, 6.94, 20.04, 13.65, 4.34, 9.4, 10.77, 19.02, 12.78, 8.9, 16.04, 6.75, 20.17, 16.53, 4.28], [5.49, 7.24, 6.86, 5.18, 12.05, 15.53, 14.31, 22.35, 15.46, 8.54, 13.26, 0.0, 10.41, 8.69, 9.07, 9.94, 4.49, 11.26, 13.23, 10.36, 13.91, 3.94, 3.35, 12.15, 13.33, 9.28, 3.39, 19.37, 10.84, 18.7, 12.57, 12.93, 14.55, 17.12, 5.81, 19.38, 2.55, 10.3, 14.04, 4.62, 5.4, 12.97, 8.64, 16.78, 14.5, 21.4, 17.98, 17.02, 12.5, 16.81, 14.34, 11.64, 15.21, 17.35, 4.03, 5.73], [9.2, 2.22, 12.56, 3.83, 8.45, 17.59, 16.1, 22.23, 16.82, 11.94, 21.12, 10.41, 0.0, 9.4, 14.75, 5.5, 8.1, 16.0, 10.99, 12.22, 12.23, 11.2, 16.2, 19.89, 14.82, 14.2, 10.01, 14.61, 11.49, 13.03, 10.62, 15.12, 13.0, 4.44, 17.61, 15.39, 5.4, 14.79, 6.94, 17.27, 18.01, 2.86, 21.44, 11.3, 5.34, 12.68, 22.74, 12.32, 10.28, 12.53, 11.88, 19.08, 14.02, 15.13, 6.67, 17.27], [13.56, 11.88, 6.23, 9.03, 17.01, 11.32, 9.5, 16.52, 17.15, 16.62, 11.09, 8.69, 9.4, 0.0, 5.97, 13.49, 13.13, 12.81, 8.1, 5.41, 8.95, 9.82, 14.68, 2.62, 14.43, 11.13, 3.88, 15.51, 11.49, 16.34, 12.82, 17.88, 4.07, 7.93, 2.24, 5.56, 10.85, 10.05, 17.29, 12.21, 12.06, 18.59, 7.13, 16.02, 9.35, 17.43, 18.01, 10.94, 17.75, 13.97, 13.89, 9.14, 16.79, 18.57, 17.64, 19.3], [10.76, 7.3, 7.31, 7.27, 15.17, 15.97, 16.98, 11.56, 10.21, 20.92, 13.44, 9.07, 14.75, 5.97, 0.0, 20.47, 13.52, 1.97, 13.14, 10.06, 13.97, 9.21, 15.81, 11.25, 19.99, 19.33, 15.0, 18.77, 12.29, 20.02, 12.2, 6.81, 11.63, 9.96, 14.67, 16.77, 7.7, 9.44, 15.69, 6.89, 16.4, 5.43, 15.79, 4.74, 11.21, 11.55, 18.09, 17.4, 9.99, 4.55, 8.15, 5.7, 12.33, 5.38, 14.16, 9.04], [19.19, 9.65, 6.15, 13.64, 21.4, 12.58, 15.44, 1.92, 1.69, 10.16, 6.57, 9.94, 5.5, 13.49, 20.47, 0.0, 15.91, 19.55, 9.77, 15.76, 14.91, 13.46, 6.48, 5.92, 14.83, 13.36, 10.02, 13.98, 18.35, 14.45, 16.24, 18.34, 3.71, 8.7, 10.34, 13.84, 13.82, 7.53, 6.99, 9.11, 2.64, 9.63, 20.05, 16.05, 8.61, 13.66, 7.16, 12.86, 10.23, 7.16, 15.86, 15.05, 14.42, 11.82, 17.12, 14.78], [12.46, 8.93, 14.5, 9.41, 12.75, 18.03, 11.36, 13.28, 8.76, 11.33, 11.79, 4.49, 8.1, 13.13, 13.52, 15.91, 0.0, 20.9, 14.69, 7.74, 18.7, 15.3, 8.26, 8.67, 4.32, 10.89, 5.12, 16.53, 16.5, 14.65, 3.79, 21.35, 16.25, 7.7, 9.25, 12.83, 13.26, 17.08, 10.1, 17.2, 8.44, 10.22, 10.09, 12.84, 15.55, 15.03, 10.99, 19.23, 10.05, 9.83, 3.95, 11.37, 11.34, 15.65, 13.41, 15.38], [4.07, 14.64, 16.85, 13.3, 6.35, 7.93, 13.6, 12.01, 9.65, 11.8, 11.47, 11.26, 16.0, 12.81, 1.97, 19.55, 20.9, 0.0, 9.66, 15.4, 10.79, 12.18, 13.73, 11.2, 11.03, 13.52, 9.05, 10.27, 6.0, 4.71, 14.4, 14.42, 17.88, 15.23, 12.42, 10.97, 13.65, 15.16, 14.22, 21.64, 12.15, 8.21, 12.68, 16.01, 16.85, 6.82, 6.51, 14.16, 11.08, 7.73, 4.76, 10.62, 9.6, 10.17, 14.71, 22.29], [11.95, 17.7, 11.09, 16.28, 13.97, 14.28, 14.38, 11.52, 17.77, 11.14, 16.67, 13.23, 10.99, 8.1, 13.14, 9.77, 14.69, 9.66, 0.0, 13.95, 20.35, 14.99, 7.99, 14.88, 10.36, 15.19, 14.14, 9.67, 7.69, 4.31, 5.66, 10.59, 3.3, 10.68, 9.27, 17.8, 18.04, 13.0, 12.33, 4.91, 18.26, 6.67, 15.99, 3.6, 7.12, 18.28, 13.52, 15.76, 17.16, 16.16, 16.72, 20.1, 9.9, 7.77, 17.77, 16.01], [7.48, 9.55, 11.83, 14.45, 9.16, 12.68, 5.54, 14.73, 15.77, 6.08, 6.79, 10.36, 12.22, 5.41, 10.06, 15.76, 7.74, 15.4, 13.95, 0.0, 11.46, 13.06, 13.25, 8.35, 5.29, 2.06, 21.0, 8.73, 9.2, 8.35, 11.06, 20.97, 9.82, 18.75, 11.36, 23.71, 9.72, 11.92, 9.42, 14.72, 6.73, 10.63, 13.46, 9.52, 8.65, 2.27, 17.19, 10.48, 8.82, 8.15, 6.98, 15.81, 20.18, 5.88, 8.22, 16.47], [6.78, 8.22, 19.75, 12.98, 11.96, 4.96, 13.8, 16.34, 14.47, 8.11, 12.38, 13.91, 12.23, 8.95, 13.97, 14.91, 18.7, 10.79, 20.35, 11.46, 0.0, 15.5, 16.48, 7.26, 5.4, 9.11, 13.6, 14.21, 15.63, 4.88, 14.25, 10.07, 13.32, 18.94, 18.38, 11.59, 14.76, 10.37, 18.09, 7.08, 6.01, 16.26, 10.12, 14.84, 9.76, 8.83, 19.64, 4.94, 11.37, 15.5, 11.34, 20.28, 9.54, 13.22, 12.04, 9.19], [14.05, 21.08, 9.16, 15.88, 5.3, 10.11, 8.21, 10.46, 13.17, 5.4, 11.18, 3.94, 11.2, 9.82, 9.21, 13.46, 15.3, 12.18, 14.99, 13.06, 15.5, 0.0, 17.06, 10.6, 21.38, 6.87, 18.42, 14.2, 13.26, 15.41, 19.36, 9.36, 17.66, 8.86, 9.34, 10.86, 6.86, 13.9, 5.36, 18.08, 14.77, 9.64, 20.39, 11.84, 14.62, 9.45, 18.61, 17.8, 5.57, 14.99, 13.97, 16.12, 19.11, 10.87, 8.74, 14.02], [13.83, 20.31, 19.91, 12.1, 7.49, 11.69, 13.15, 7.74, 9.54, 4.55, 3.21, 3.35, 16.2, 14.68, 15.81, 6.48, 8.26, 13.73, 7.99, 13.25, 16.48, 17.06, 0.0, 17.81, 10.89, 14.27, 14.17, 17.26, 7.05, 15.39, 21.33, 15.61, 13.88, 5.2, 15.94, 4.09, 7.16, 12.96, 13.54, 15.61, 21.53, 5.54, 16.44, 9.65, 11.97, 8.0, 16.21, 4.59, 14.27, 15.19, 13.56, 5.62, 13.19, 10.68, 10.85, 16.74], [13.24, 9.66, 6.82, 10.85, 18.66, 5.51, 12.18, 16.4, 5.74, 13.57, 19.27, 12.15, 19.89, 2.62, 11.25, 5.92, 8.67, 11.2, 14.88, 8.35, 7.26, 10.6, 17.81, 0.0, 3.01, 3.93, 11.0, 7.18, 6.04, 11.86, 9.84, 22.89, 12.31, 13.78, 15.74, 6.99, 8.31, 11.45, 16.29, 12.65, 3.16, 20.35, 20.18, 9.89, 21.48, 11.38, 11.52, 9.85, 10.31, 19.18, 5.75, 3.32, 19.26, 9.45, 16.33, 11.29], [12.78, 0.82, 21.94, 14.29, 10.24, 20.44, 8.92, 13.18, 11.84, 11.78, 14.45, 13.33, 14.82, 14.43, 19.99, 14.83, 4.32, 11.03, 10.36, 5.29, 5.4, 21.38, 10.89, 3.01, 0.0, 15.69, 16.24, 12.58, 7.65, 11.17, 6.3, 17.05, 21.87, 11.15, 13.63, 19.86, 13.69, 19.21, 12.95, 11.45, 11.17, 9.79, 15.77, 11.59, 21.17, 11.89, 14.97, 8.33, 8.43, 11.22, 9.97, 17.0, 11.03, 10.33, 10.55, 6.19], [5.72, 12.67, 12.24, 16.14, 9.75, 14.16, 18.75, 6.61, 13.99, 7.8, 18.14, 9.28, 14.2, 11.13, 19.33, 13.36, 10.89, 13.52, 15.19, 2.06, 9.11, 6.87, 14.27, 3.93, 15.69, 0.0, 15.08, 13.73, 17.7, 12.45, 7.05, 11.63, 15.77, 12.79, 13.79, 5.09, 9.68, 5.08, 5.5, 16.95, 8.43, 5.89, 18.28, 18.13, 5.26, 7.34, 5.71, 15.27, 13.61, 7.48, 12.22, 9.23, 4.15, 16.04, 15.02, 7.7], [5.74, 23.21, 11.45, 3.17, 10.11, 12.21, 14.99, 21.69, 7.42, 7.71, 15.59, 3.39, 10.01, 3.88, 15.0, 10.02, 5.12, 9.05, 14.14, 21.0, 13.6, 18.42, 14.17, 11.0, 16.24, 15.08, 0.0, 8.66, 6.62, 9.38, 17.13, 10.89, 14.32, 12.62, 17.02, 7.15, 21.46, 21.7, 7.48, 9.23, 22.73, 10.29, 18.53, 19.55, 13.13, 16.14, 11.59, 17.96, 16.96, 7.51, 7.9, 13.52, 19.65, 12.91, 15.95, 16.64], [21.08, 16.41, 6.55, 11.93, 13.46, 4.05, 17.83, 16.83, 13.23, 10.09, 6.56, 19.37, 14.61, 15.51, 18.77, 13.98, 16.53, 10.27, 9.67, 8.73, 14.21, 14.2, 17.26, 7.18, 12.58, 13.73, 8.66, 0.0, 15.42, 13.35, 2.84, 11.99, 6.76, 15.07, 6.92, 16.83, 10.92, 7.84, 11.71, 4.41, 15.26, 12.11, 6.43, 19.79, 14.88, 8.36, 9.59, 11.51, 9.6, 12.75, 8.56, 15.07, 11.75, 13.72, 11.4, 16.88], [18.58, 11.17, 12.76, 18.54, 13.39, 11.28, 8.53, 15.15, 10.91, 9.77, 10.66, 10.84, 11.49, 11.49, 12.29, 18.35, 16.5, 6.0, 7.69, 9.2, 15.63, 13.26, 7.05, 6.04, 7.65, 17.7, 6.62, 15.42, 0.0, 10.13, 7.89, 11.5, 9.43, 15.39, 5.37, 19.26, 1.51, 7.55, 12.07, 12.62, 10.46, 21.41, 15.17, 4.27, 21.35, 18.8, 13.88, 6.92, 8.99, 14.97, 7.53, 1.77, 14.27, 12.6, 16.12, 12.02], [16.24, 13.01, 9.05, 12.94, 11.97, 10.41, 3.27, 12.98, 18.67, 8.08, 17.47, 18.7, 13.03, 16.34, 20.02, 14.45, 14.65, 4.71, 4.31, 8.35, 4.88, 15.41, 15.39, 11.86, 11.17, 12.45, 9.38, 13.35, 10.13, 0.0, 18.62, 17.24, 22.29, 16.07, 12.54, 15.78, 7.73, 9.52, 19.61, 6.03, 16.89, 18.58, 12.84, 13.95, 15.28, 15.38, 13.28, 21.81, 12.4, 5.33, 9.86, 7.9, 16.79, 21.38, 17.64, 15.41], [10.09, 17.18, 9.95, 20.02, 4.62, 9.11, 12.26, 16.71, 18.03, 10.99, 11.15, 12.57, 10.62, 12.82, 12.2, 16.24, 3.79, 14.4, 5.66, 11.06, 14.25, 19.36, 21.33, 9.84, 6.3, 7.05, 17.13, 2.84, 7.89, 18.62, 0.0, 16.45, 10.75, 8.29, 15.25, 13.49, 11.64, 14.37, 10.84, 8.4, 17.54, 9.2, 15.57, 8.42, 12.55, 8.93, 8.42, 21.62, 17.15, 5.75, 18.76, 14.83, 23.15, 12.85, 9.76, 14.42], [12.86, 13.79, 9.3, 13.9, 19.0, 8.21, 11.89, 8.15, 3.29, 12.87, 15.49, 12.93, 15.12, 17.88, 6.81, 18.34, 21.35, 14.42, 10.59, 20.97, 10.07, 9.36, 15.61, 22.89, 17.05, 11.63, 10.89, 11.99, 11.5, 17.24, 16.45, 0.0, 10.78, 23.05, 7.41, 14.6, 10.01, 6.08, 7.77, 12.22, 12.44, 14.24, 9.76, 11.51, 12.86, 11.88, 17.48, 7.77, 8.46, 19.26, 12.0, 21.55, 5.66, 4.85, 12.16, 16.35], [11.1, 16.73, 17.65, 9.15, 7.33, 15.82, 12.33, 18.03, 9.58, 13.38, 13.58, 14.55, 13.0, 4.07, 11.63, 3.71, 16.25, 17.88, 3.3, 9.82, 13.32, 17.66, 13.88, 12.31, 21.87, 15.77, 14.32, 6.76, 9.43, 22.29, 10.75, 10.78, 0.0, 8.51, 9.02, 15.78, 13.17, 5.16, 14.22, 5.15, 13.64, 12.68, 19.46, 16.45, 17.46, 9.28, 17.93, 12.76, 13.53, 7.11, 12.13, 4.83, 11.61, 15.78, 13.49, 13.52], [14.61, 13.64, 19.33, 17.37, 8.07, 18.37, 4.1, 10.84, 2.53, 5.62, 18.33, 17.12, 4.44, 7.93, 9.96, 8.7, 7.7, 15.23, 10.68, 18.75, 18.94, 8.86, 5.2, 13.78, 11.15, 12.79, 12.62, 15.07, 15.39, 16.07, 8.29, 23.05, 8.51, 0.0, 14.97, 9.1, 17.77, 1.56, 11.16, 19.28, 6.28, 6.43, 8.14, 13.0, 16.51, 13.51, 16.0, 6.83, 16.15, 18.04, 16.26, 12.12, 9.87, 6.7, 6.13, 11.04], [16.99, 14.26, 4.76, 10.69, 10.42, 18.44, 18.2, 15.37, 8.89, 11.05, 16.46, 5.81, 17.61, 2.24, 14.67, 10.34, 9.25, 12.42, 9.27, 11.36, 18.38, 9.34, 15.94, 15.74, 13.63, 13.79, 17.02, 6.92, 5.37, 12.54, 15.25, 7.41, 9.02, 14.97, 0.0, 12.69, 14.83, 14.87, 10.3, 16.03, 3.17, 4.31, 1.75, 19.62, 10.54, 8.62, 10.81, 20.27, 5.81, 4.39, 7.05, 15.32, 4.18, 7.44, 14.67, 13.36], [12.09, 14.33, 10.99, 13.82, 20.0, 15.76, 13.62, 5.97, 13.91, 16.52, 12.92, 19.38, 15.39, 5.56, 16.77, 13.84, 12.83, 10.97, 17.8, 23.71, 11.59, 10.86, 4.09, 6.99, 19.86, 5.09, 7.15, 16.83, 19.26, 15.78, 13.49, 14.6, 15.78, 9.1, 12.69, 0.0, 10.48, 10.76, 10.15, 13.42, 11.73, 17.81, 20.02, 15.99, 8.63, 8.96, 20.28, 18.31, 16.59, 15.68, 8.68, 9.47, 10.43, 18.24, 3.33, 8.56], [6.88, 12.76, 3.59, 10.9, 20.04, 15.78, 10.65, 12.77, 13.94, 15.84, 5.05, 2.55, 5.4, 10.85, 7.7, 13.82, 13.26, 13.65, 18.04, 9.72, 14.76, 6.86, 7.16, 8.31, 13.69, 9.68, 21.46, 10.92, 1.51, 7.73, 11.64, 10.01, 13.17, 17.77, 14.83, 10.48, 0.0, 14.59, 10.87, 7.66, 8.24, 19.29, 11.63, 6.25, 6.46, 10.73, 14.7, 16.79, 10.09, 9.84, 8.4, 13.74, 18.19, 12.21, 13.43, 22.68], [17.45, 11.73, 13.78, 16.73, 13.05, 20.46, 18.65, 6.21, 12.39, 7.78, 17.05, 10.3, 14.79, 10.05, 9.44, 7.53, 17.08, 15.16, 13.0, 11.92, 10.37, 13.9, 12.96, 11.45, 19.21, 5.08, 21.7, 7.84, 7.55, 9.52, 14.37, 6.08, 5.16, 1.56, 14.87, 10.76, 14.59, 0.0, 14.93, 14.77, 14.31, 18.59, 9.23, 22.15, 6.62, 9.75, 8.37, 14.33, 16.77, 6.8, 18.58, 4.26, 9.25, 9.2, 12.24, 12.82], [18.73, 5.85, 15.29, 7.8, 12.41, 16.5, 13.5, 13.06, 10.65, 15.42, 18.01, 14.04, 6.94, 17.29, 15.69, 6.99, 10.1, 14.22, 12.33, 9.42, 18.09, 5.36, 13.54, 16.29, 12.95, 5.5, 7.48, 11.71, 12.07, 19.61, 10.84, 7.77, 14.22, 11.16, 10.3, 10.15, 10.87, 14.93, 0.0, 14.99, 19.66, 2.49, 9.68, 7.46, 7.46, 13.58, 15.67, 16.27, 13.95, 9.95, 15.05, 6.13, 2.48, 11.57, 14.61, 14.84], [18.93, 17.5, 13.51, 12.11, 6.52, 14.79, 13.88, 20.43, 12.42, 14.35, 14.72, 4.62, 17.27, 12.21, 6.89, 9.11, 17.2, 21.64, 4.91, 14.72, 7.08, 18.08, 15.61, 12.65, 11.45, 16.95, 9.23, 4.41, 12.62, 6.03, 8.4, 12.22, 5.15, 19.28, 16.03, 13.42, 7.66, 14.77, 14.99, 0.0, 15.59, 7.04, 16.4, 12.57, 14.71, 12.5, 12.25, 10.56, 19.0, 17.37, 14.39, 4.33, 14.54, 9.54, 12.71, 8.9], [7.94, 9.76, 16.53, 2.26, 15.09, 12.74, 15.63, 12.73, 14.95, 22.5, 10.41, 5.4, 18.01, 12.06, 16.4, 2.64, 8.44, 12.15, 18.26, 6.73, 6.01, 14.77, 21.53, 3.16, 11.17, 8.43, 22.73, 15.26, 10.46, 16.89, 17.54, 12.44, 13.64, 6.28, 3.17, 11.73, 8.24, 14.31, 19.66, 15.59, 0.0, 11.95, 15.2, 19.11, 15.61, 13.48, 13.66, 19.36, 12.49, 13.62, 12.25, 8.39, 10.53, 14.32, 6.99, 10.05], [8.61, 12.63, 17.78, 9.39, 15.77, 8.87, 8.17, 8.11, 7.28, 21.88, 12.01, 12.97, 2.86, 18.59, 5.43, 9.63, 10.22, 8.21, 6.67, 10.63, 16.26, 9.64, 5.54, 20.35, 9.79, 5.89, 10.29, 12.11, 21.41, 18.58, 9.2, 14.24, 12.68, 6.43, 4.31, 17.81, 19.29, 18.59, 2.49, 7.04, 11.95, 0.0, 12.82, 12.51, 15.86, 5.86, 9.15, 12.88, 4.58, 3.65, 4.31, 1.54, 8.74, 20.96, 8.37, 15.14], [8.11, 3.27, 14.74, 17.55, 14.81, 13.56, 7.05, 21.75, 10.33, 13.53, 6.94, 8.64, 21.44, 7.13, 15.79, 20.05, 10.09, 12.68, 15.99, 13.46, 10.12, 20.39, 16.44, 20.18, 15.77, 18.28, 18.53, 6.43, 15.17, 12.84, 15.57, 9.76, 19.46, 8.14, 1.75, 20.02, 11.63, 9.23, 9.68, 16.4, 15.2, 12.82, 0.0, 5.27, 8.82, 8.07, 8.69, 9.75, 10.33, 11.28, 6.61, 17.91, 16.77, 14.57, 18.23, 20.14], [7.86, 7.53, 14.06, 15.19, 9.95, 18.26, 12.61, 16.55, 17.29, 11.11, 20.04, 16.78, 11.3, 16.02, 4.74, 16.05, 12.84, 16.01, 3.6, 9.52, 14.84, 11.84, 9.65, 9.89, 11.59, 18.13, 19.55, 19.79, 4.27, 13.95, 8.42, 11.51, 16.45, 13.0, 19.62, 15.99, 6.25, 22.15, 7.46, 12.57, 19.11, 12.51, 5.27, 0.0, 5.67, 15.58, 12.6, 17.08, 11.09, 15.71, 17.81, 18.52, 13.32, 21.28, 14.88, 11.57], [11.13, 19.27, 7.31, 15.75, 17.06, 19.07, 19.84, 17.86, 10.88, 13.8, 13.65, 14.5, 5.34, 9.35, 11.21, 8.61, 15.55, 16.85, 7.12, 8.65, 9.76, 14.62, 11.97, 21.48, 21.17, 5.26, 13.13, 14.88, 21.35, 15.28, 12.55, 12.86, 17.46, 16.51, 10.54, 8.63, 6.46, 6.62, 7.46, 14.71, 15.61, 15.86, 8.82, 5.67, 0.0, 8.41, 17.52, 8.18, 19.97, 3.82, 13.82, 12.0, 5.04, 14.86, 15.03, 10.86], [6.25, 9.24, 14.81, 6.68, 17.22, 12.95, 13.56, 10.19, 10.93, 7.02, 4.34, 21.4, 12.68, 17.43, 11.55, 13.66, 15.03, 6.82, 18.28, 2.27, 8.83, 9.45, 8.0, 11.38, 11.89, 7.34, 16.14, 8.36, 18.8, 15.38, 8.93, 11.88, 9.28, 13.51, 8.62, 8.96, 10.73, 9.75, 13.58, 12.5, 13.48, 5.86, 8.07, 15.58, 8.41, 0.0, 17.66, 5.64, 11.82, 18.99, 3.8, 22.86, 11.21, 7.02, 12.82, 4.22], [19.19, 11.7, 12.56, 20.31, 8.34, 9.23, 10.75, 16.46, 13.82, 23.05, 9.4, 17.98, 22.74, 18.01, 18.09, 7.16, 10.99, 6.51, 13.52, 17.19, 19.64, 18.61, 16.21, 11.52, 14.97, 5.71, 11.59, 9.59, 13.88, 13.28, 8.42, 17.48, 17.93, 16.0, 10.81, 20.28, 14.7, 8.37, 15.67, 12.25, 13.66, 9.15, 8.69, 12.6, 17.52, 17.66, 0.0, 11.04, 16.33, 15.74, 14.83, 9.06, 15.34, 14.61, 7.14, 11.05], [6.51, 14.59, 11.99, 12.22, 15.8, 10.1, 7.89, 4.45, 9.43, 11.91, 10.77, 17.02, 12.32, 10.94, 17.4, 12.86, 19.23, 14.16, 15.76, 10.48, 4.94, 17.8, 4.59, 9.85, 8.33, 15.27, 17.96, 11.51, 6.92, 21.81, 21.62, 7.77, 12.76, 6.83, 20.27, 18.31, 16.79, 14.33, 16.27, 10.56, 19.36, 12.88, 9.75, 17.08, 8.18, 5.64, 11.04, 0.0, 12.15, 16.47, 18.0, 11.41, 7.0, 9.66, 16.18, 14.88], [11.95, 5.78, 8.58, 15.66, 13.68, 12.93, 8.15, 11.87, 14.49, 11.49, 19.02, 12.5, 10.28, 17.75, 9.99, 10.23, 10.05, 11.08, 17.16, 8.82, 11.37, 5.57, 14.27, 10.31, 8.43, 13.61, 16.96, 9.6, 8.99, 12.4, 17.15, 8.46, 13.53, 16.15, 5.81, 16.59, 10.09, 16.77, 13.95, 19.0, 12.49, 4.58, 10.33, 11.09, 19.97, 11.82, 16.33, 12.15, 0.0, 7.37, 9.38, 12.84, 12.63, 13.4, 18.94, 12.73], [11.82, 10.29, 18.57, 12.49, 9.87, 15.67, 6.56, 8.36, 14.64, 8.2, 12.78, 16.81, 12.53, 13.97, 4.55, 7.16, 9.83, 7.73, 16.16, 8.15, 15.5, 14.99, 15.19, 19.18, 11.22, 7.48, 7.51, 12.75, 14.97, 5.33, 5.75, 19.26, 7.11, 18.04, 4.39, 15.68, 9.84, 6.8, 9.95, 17.37, 13.62, 3.65, 11.28, 15.71, 3.82, 18.99, 15.74, 16.47, 7.37, 0.0, 15.47, 5.13, 19.59, 13.49, 19.43, 15.09], [13.4, 20.08, 16.92, 10.22, 10.97, 13.74, 14.64, 16.93, 22.59, 15.14, 8.9, 14.34, 11.88, 13.89, 8.15, 15.86, 3.95, 4.76, 16.72, 6.98, 11.34, 13.97, 13.56, 5.75, 9.97, 12.22, 7.9, 8.56, 7.53, 9.86, 18.76, 12.0, 12.13, 16.26, 7.05, 8.68, 8.4, 18.58, 15.05, 14.39, 12.25, 4.31, 6.61, 17.81, 13.82, 3.8, 14.83, 18.0, 9.38, 15.47, 0.0, 14.06, 10.57, 13.01, 8.25, 14.25], [17.17, 9.75, 17.5, 6.56, 6.18, 12.9, 11.55, 8.64, 15.25, 13.21, 16.04, 11.64, 19.08, 9.14, 5.7, 15.05, 11.37, 10.62, 20.1, 15.81, 20.28, 16.12, 5.62, 3.32, 17.0, 9.23, 13.52, 15.07, 1.77, 7.9, 14.83, 21.55, 4.83, 12.12, 15.32, 9.47, 13.74, 4.26, 6.13, 4.33, 8.39, 1.54, 17.91, 18.52, 12.0, 22.86, 9.06, 11.41, 12.84, 5.13, 14.06, 0.0, 6.68, 11.24, 13.69, 9.76], [19.34, 3.24, 12.94, 1.61, 3.79, 15.71, 10.93, 10.79, 11.29, 19.02, 6.75, 15.21, 14.02, 16.79, 12.33, 14.42, 11.34, 9.6, 9.9, 20.18, 9.54, 19.11, 13.19, 19.26, 11.03, 4.15, 19.65, 11.75, 14.27, 16.79, 23.15, 5.66, 11.61, 9.87, 4.18, 10.43, 18.19, 9.25, 2.48, 14.54, 10.53, 8.74, 16.77, 13.32, 5.04, 11.21, 15.34, 7.0, 12.63, 19.59, 10.57, 6.68, 0.0, 5.65, 15.66, 9.38], [11.45, 21.45, 14.66, 15.24, 10.04, 11.98, 13.4, 8.64, 14.33, 18.44, 20.17, 17.35, 15.13, 18.57, 5.38, 11.82, 15.65, 10.17, 7.77, 5.88, 13.22, 10.87, 10.68, 9.45, 10.33, 16.04, 12.91, 13.72, 12.6, 21.38, 12.85, 4.85, 15.78, 6.7, 7.44, 18.24, 12.21, 9.2, 11.57, 9.54, 14.32, 20.96, 14.57, 21.28, 14.86, 7.02, 14.61, 9.66, 13.4, 13.49, 13.01, 11.24, 5.65, 0.0, 4.93, 5.34], [7.47, 9.93, 14.21, 20.77, 8.46, 19.9, 3.36, 12.57, 13.03, 16.92, 16.53, 4.03, 6.67, 17.64, 14.16, 17.12, 13.41, 14.71, 17.77, 8.22, 12.04, 8.74, 10.85, 16.33, 10.55, 15.02, 15.95, 11.4, 16.12, 17.64, 9.76, 12.16, 13.49, 6.13, 14.67, 3.33, 13.43, 12.24, 14.61, 12.71, 6.99, 8.37, 18.23, 14.88, 15.03, 12.82, 7.14, 16.18, 18.94, 19.43, 8.25, 13.69, 15.66, 4.93, 0.0, 15.86], [5.79, 16.98, 20.26, 19.86, 14.91, 7.64, 15.19, 11.3, 19.36, 3.89, 4.28, 5.73, 17.27, 19.3, 9.04, 14.78, 15.38, 22.29, 16.01, 16.47, 9.19, 14.02, 16.74, 11.29, 6.19, 7.7, 16.64, 16.88, 12.02, 15.41, 14.42, 16.35, 13.52, 11.04, 13.36, 8.56, 22.68, 12.82, 14.84, 8.9, 10.05, 15.14, 20.14, 11.57, 10.86, 4.22, 11.05, 14.88, 12.73, 15.09, 14.25, 9.76, 9.38, 5.34, 15.86, 0.0]], "token_chain_ids": ["A", "A", "A", "A", "A", "A", "A", "A", "A", "A", "A", "A", "A", "A", "A", "A", "A", "A", "A", "A", "A", "A", "A", "A", "A", "A", "A", "A", "A", "A", "A", "A", "B", "B", "B", "B", "B", "B", "B", "B", "B", "B", "B", "B", "B", "B", "B", "B", "B", "B", "B", "B", "B", "B", "B", "B"], "token_res_ids": [1, 2, 3, 4, 5, 6, 7, 8, 9, 10, 11, 12, 13, 14, 15, 16, 17, 18, 19, 20, 21, 22, 23, 24, 25, 26, 27, 28, 29, 30, 31, 32, 1, 2, 3, 4, 5, 6, 7, 8, 9, 10, 11, 12, 13, 14, 15, 16, 17, 18, 19, 20, 21, 22, 23, 24]}