{"atom_plddts": [95.35, 87.8, 65.98, 71.17, 68.24, 91.72, 92.51, 99.0, 79.77, 99.0, 90.82, 79.74, 79.31, 80.78, 70.9, 91.45, 76.59, 84.37, 98.6, 89.33, 88.73, 76.17, 98.46, 77.77, 82.51, 99.0, 59.1, 91.47, 80.97, 63.24, 80.52, 91.95, 78.04, 94.69, 77.64, 89.15, 74.12, 52.9, 78.94, 53.02, 84.04, 90.98, 99.0, 87.97, 73.48, 99.0, 79.75, 98.16, 80.75, 63.62, 72.35, 72.21, 85.83, 88.64, 73.03, 76.12], "pae": [[0.0, 14.07, 14.68, 20.76, 14.84, 15.02, 8.71, 9.93, 11.19, 13.11, 11.27, 10.83, 12.5, 8.3, 12.08, 19.6, 11.31, 15.99, 12.22, 9.19, 9.07, 10.11, 6.83, 13.87, 11.47, 9.93, 10.85, 14.77, 11.22, 10.02, 12.88, 5.44, 1.74, 9.81, 15.89, 13.5, 14.05, 17.37, 1.47, 4.65, 8.4, 17.37, 6.52, 19.9, 18.85, 8.0, 11.52, 7.83, 15.25, 11.14, 10.08, 15.28, 19.53, 13.71, 16.2, 5.21], [14.07, 0.0, 9.29, 22.74, 13.01, 6.77, 11.07, 10.38, 16.58, 19.25, 13.5, 6.78, 2.09, 10.74, 13.19, 3.6, 11.36, 15.54, 5.69, 1.49, 19.84, 9.75, 4.52, 20.36, 10.2, 9.57, 17.54, 9.98, 16.38, 17.79, 23.3, 11.34, 16.53, 11.38, 19.87, 11.95, 12.44, 5.29, 6.44, 10.33, 9.63, 15.93, 16.25, 4.95, 8.41, 11.38, 8.21, 6.0, 10.19, 12.83, 19.68, 11.78, 16.61, 20.09, 13.98, 9.98], [14.68, 9.29, 0.0, 14.14, 12.61, 16.32, 8.74, 18.44, 14.13, 1.49, 8.02, 12.39, 11.79, 11.15, 10.99, 1.96, 3.81, 21.58, 6.43, 6.01, 8.49, 11.64, 10.48, 14.91, 18.76, 12.09, 13.65, 4.12, 14.0, 6.57, 15.78, 17.61, 11.72, 17.0, 12.61, 12.63, 9.21, 8.6, 12.83, 5.33, 10.59, 11.25, 19.45, 12.55, 18.78, 6.42, 5.33, 3.94, 11.49, 13.58, 8.28, 6.48, 6.83, 15.31, 12.52, 13.02], [20.76, 22.74, 14.14, 0.0, 9.16, 12.58, 14.79, 15.46, 18.22, 12.03, 21.4, 12.66, 17.02, 13.88, 8.62, 9.15, 11.08, 19.51, 13.14, 14.79, 18.25, 5.77, 11.14, 19.65, 14.14, 23.0, 6.92, 19.83, 11.34, 14.36, 15.67, 10.71, 17.7, 11.02, 17.69, 20.81, 8.42, 16.08, 5.56, 10.26, 13.04, 3.72, 11.28, 11.35, 14.78, 9.85, 21.02, 13.24, 5.3, 10.06, 13.56, 13.76, 15.35, 11.88, 8.22, 6.33], [14.84, 13.01, 12.61, 9.16, 0.0, 13.91, 8.0, 17.15, 3.0, 11.55, 10.95, 15.65, 17.58, 12.45, 6.6, 7.41, 14.97, 8.85, 18.71, 14.64, 13.12, 18.29, 12.39, 17.34, 13.35, 12.5, 12.77, 5.3, 14.94, 12.16, 14.03, 12.84, 12.17, 5.69, 5.4, 16.32, 18.81, 11.61, 4.11, 12.02, 8.93, 5.61, 8.82, 7.26, 16.34, 10.02, 17.12, 10.91, 9.6, 13.74, 9.0, 8.43, 12.21, 19.22, 15.37, 4.45], [15.02, 6.77, 16.32, 12.58, 13.91, 0.0, 3.21, 8.34, 16.7, 20.29, 11.09, 9.7, 12.94, 19.06, 20.59, 6.6, 8.51, 22.31, 18.0, 11.19, 12.62, 14.88, 6.11, 5.08, 11.63, 3.64, 3.0, 20.92, 10.85, 8.43, 7.93, 16.52, 4.08, 12.08, 6.6, 21.47, 18.59, 12.75, 13.49, 12.05, 7.68, 20.78, 15.96, 7.52, 22.14, 12.75, 10.7, 10.16, 16.42, 9.77, 13.98, 9.39, 15.31, 14.73, 12.16, 18.92], [8.71, 11.07, 8.74, 14.79, 8.0, 3.21, 0.0, 9.73, 12.0, 5.97, 12.2, 12.75, 11.04, 20.6, 23.64, 6.92, 16.62, 12.73, 13.3, 13.35, 14.03, 16.84, 12.02, 12.94, 15.8, 15.52, 4.84, 9.45, 15.81, 6.29, 11.04, 14.29, 12.9, 16.56, 11.73, 4.34, 5.44, 16.84, 17.46, 10.24, 8.76, 12.51, 11.88, 14.16, 5.68, 5.62, 5.96, 14.57, 6.21, 21.27, 6.26, 18.93, 6.68, 10.99, 9.81, 16.02], [9.93, 10.38, 18.44, 15.46, 17.15, 8.34, 9.73, 0.0, 12.16, 16.95, 7.4, 9.49, 10.38, 11.57, 13.34, 12.3, 12.9, 7.91, 15.99, 17.56, 18.09, 11.5, 8.28, 7.47, 13.2, 9.11, 18.64, 9.18, 20.58, 8.09, 5.22, 9.51, 18.47, 12.41, 7.25, 4.91, 19.43, 17.32, 12.36, 9.65, 16.1, 14.97, 18.25, 14.09, 14.04, 9.02, 10.8, 13.5, 11.84, 16.4, 7.87, 7.25, 6.96, 5.88, 12.03, 11.87], [11.19, 16.58, 14.13, 18.22, 3.0, 16.7, 12.0, 12.16, 0.0, 12.54, 11.38, 8.98, 9.63, 18.66, 15.2, 15.38, 9.76, 5.16, 17.26, 6.16, 17.05, 14.11, 5.91, 13.21, 19.33, 16.86, 19.69, 10.68, 16.97, 12.55, 14.87, 16.07, 18.51, 9.46, 23.43, 7.76, 9.68, 12.05, 10.32, 9.34, 11.17, 2.83, 11.68, 15.16, 12.8, 16.35, 14.9, 10.81, 7.54, 3.7, 15.95, 10.84, 8.35, 4.29, 18.1, 11.78], [13.11, 19.25, 1.49, 12.03, 11.55, 20.29, 5.97, 16.95, 12.54, 0.0, 13.54, 14.01, 11.73, 14.44, 16.24, 12.31, 14.89, 10.34, 22.62, 18.61, 16.22, 19.85, 15.81, 9.72, 15.11, 9.12, 10.74, 10.97, 13.19, 16.42, 15.02, 12.53, 5.03, 15.05, 14.21, 13.8, 6.21, 15.81, 11.91, 10.99, 5.43, 22.34, 5.53, 22.2, 14.44, 19.15, 13.57, 13.72, 14.85, 12.6, 6.03, 5.35, 5.57, 11.77, 7.87, 18.68], [11.27, 13.5, 8.02, 21.4, 10.95, 11.09, 12.2, 7.4, 11.38, 13.54, 0.0, 12.98, 20.75, 14.66, 9.53, 6.51, 7.57, 16.69, 15.23, 18.18, 11.26, 11.94, 7.44, 9.89, 11.99, 2.08, 21.4, 19.64, 21.04, 12.71, 9.09, 17.88, 10.62, 11.09, 16.14, 12.83, 17.43, 13.92, 8.14, 15.15, 14.9, 17.32, 19.18, 11.05, 17.01, 18.07, 3.93, 19.54, 18.46, 11.83, 12.34, 13.38, 13.56, 16.71, 7.97, 13.78], [10.83, 6.78, 12.39, 12.66, 15.65, 9.7, 12.75, 9.49, 8.98, 14.01, 12.98, 0.0, 9.1, 16.24, 15.32, 15.83, 11.85, 16.83, 7.2, 9.07, 12.59, 19.87, 12.49, 6.85, 11.08, 4.5, 17.55, 21.43, 4.81, 11.87, 12.77, 18.13, 13.51, 20.52, 14.25, 3.53, 16.8, 17.19, 5.18, 8.2, 17.84, 14.86, 15.59, 7.54, 9.22, 10.3, 10.79, 12.75, 12.23, 7.23, 9.02, 4.98, 22.02, 7.95, 13.67, 15.64], [12.5, 2.09, 11.79, 17.02, 17.58, 12.94, 11.04, 10.38, 9.63, 11.73, 20.75, 9.1, 0.0, 16.45, 19.64, 17.82, 14.68, 19.48, 12.65, 13.88, 22.84, 14.95, 7.31, 2.3, 13.87, 5.1, 17.22, 14.45, 12.35, 8.48, 10.08, 15.52, 9.03, 16.43, 10.42, 20.88, 14.9, 16.72, 13.17, 12.26, 10.65, 11.85, 11.38, 16.13, 12.47, 8.27, 15.8, 7.87, 3.37, 4.9, 15.25, 14.34, 10.97, 17.3, 9.08, 11.2], [8.3, 10.74, 11.15, 13.88, 12.45, 19.06, 20.6, 11.57, 18.66, 14.44, 14.66, 16.24, 16.45, 0.0, 14.2, 15.17, 15.59, 12.54, 11.49, 5.92, 17.78, 11.6, 15.77, 7.68, 7.43, 17.76, 13.15, 13.8, 8.71, 17.1, 11.65, 17.73, 5.82, 15.07, 11.94, 8.91, 10.33, 8.14, 6.29, 14.1, 16.15, 10.32, 13.56, 12.8, 9.49, 10.4, 15.69, 9.87, 6.02, 10.44, 11.27, 3.73, 11.22, 13.67, 17.56, 19.56], [12.08, 13.19, 10.99, 8.62, 6.6, 20.59, 23.64, 13.34, 15.2, 16.24, 9.53, 15.32, 19.64, 14.2, 0.0, 8.51, 2.52, 19.85, 11.3, 7.34, 5.47, 13.11, 7.73, 15.77, 11.19, 17.67, 15.57, 20.02, 9.31, 11.79, 15.84, 14.62, 11.95, 18.37, 20.94, 18.39, 17.44, 4.02, 18.01, 13.59, 6.48, 2.06, 16.02, 11.21, 9.69, 9.59, 13.46, 21.79, 14.21, 9.82, 22.0, 11.09, 21.98, 4.96, 11.57, 18.58], [19.6, 3.6, 1.96, 9.15, 7.41, 6.6, 6.92, 12.3, 15.38, 12.31, 6.51, 15.83, 17.82, 15.17, 8.51, 0.0, 4.74, 11.87, 12.59, 19.13, 2.22, 13.49, 14.42, 11.32, 11.9, 8.38, 7.0, 15.8, 13.35, 17.98, 15.96, 10.84, 15.27, 7.85, 12.11, 10.92, 14.09, 7.83, 20.42, 13.16, 9.87, 13.14, 18.1, 8.75, 14.12, 15.59, 10.37, 12.38, 19.93, 15.23, 8.19, 5.09, 10.34, 17.15, 12.77, 12.84], [11.31, 11.36, 3.81, 11.08, 14.97, 8.51, 16.62, 12.9, 9.76, 14.89, 7.57, 11.85, 14.68, 15.59, 2.52, 4.74, 0.0, 7.77, 18.6, 14.82, 15.61, 13.93, 19.47, 14.01, 17.41, 22.14, 18.91, 11.26, 16.53, 20.53, 9.42, 8.91, 16.64, 13.63, 10.66, 17.85, 11.79, 8.36, 19.15, 16.07, 12.83, 6.69, 13.29, 17.66, 4.1, 11.47, 13.4, 8.59, 5.59, 12.58, 17.82, 8.12, 13.21, 12.87, 15.52, 6.3], [15.99, 15.54, 21.58, 19.51, 8.85, 22.31, 12.73, 7.91, 5.16, 10.34, 16.69, 16.83, 19.48, 12.54, 19.85, 11.87, 7.77, 0.0, 5.41, 7.41, 4.93, 16.85, 4.6, 8.86, 8.81, 15.55, 8.49, 15.61, 11.8, 14.36, 8.76, 16.88, 12.22, 5.16, 6.46, 16.66, 10.37, 12.46, 12.61, 7.93, 1.94, 15.69, 7.43, 16.27, 16.37, 13.73, 16.66, 6.28, 11.95, 11.48, 20.02, 19.77, 19.34, 11.5, 17.49, 12.25], [12.22, 5.69, 6.43, 13.14, 18.71, 18.0, 13.3, 15.99, 17.26, 22.62, 15.23, 7.2, 12.65, 11.49, 11.3, 12.59, 18.6, 5.41, 0.0, 10.64, 3.83, 15.13, 7.52, 19.51, 11.88, 14.64, 5.58, 6.25, 8.1, 13.78, 14.33, 7.63, 15.3, 8.5, 20.22, 17.85, 10.93, 6.05, 12.07, 4.14, 10.42, 16.87, 6.58, 7.82, 12.96, 14.65, 10.76, 20.35, 11.5, 1.52, 17.53, 18.72, 14.7, 19.31, 21.09, 19.37], [9.19, 1.49, 6.01, 14.79, 14.64, 11.19, 13.35, 17.56, 6.16, 18.61, 18.18, 9.07, 13.88, 5.92, 7.34, 19.13, 14.82, 7.41, 10.64, 0.0, 15.96, 13.24, 14.72, 19.85, 8.89, 16.12, 11.01, 10.02, 17.2, 8.22, 18.05, 10.74, 23.49, 9.87, 13.76, 16.39, 17.33, 5.77, 21.37, 11.36, 13.26, 13.56, 17.42, 16.34, 15.78, 8.93, 13.11, 18.16, 19.63, 12.6, 15.63, 10.76, 15.98, 9.96, 8.58, 22.85], [9.07, 19.84, 8.49, 18.25, 13.12, 12.62, 14.03, 18.09, 17.05, 16.22, 11.26, 12.59, 22.84, 17.78, 5.47, 2.22, 15.61, 4.93, 3.83, 15.96, 0.0, 13.9, 18.22, 5.37, 15.41, 14.3, 18.43, 10.57, 5.77, 10.86, 4.97, 19.13, 6.31, 17.29, 12.23, 6.33, 14.05, 13.18, 4.44, 8.49, 12.08, 10.9, 18.05, 15.62, 22.0, 14.09, 20.6, 15.38, 13.97, 13.03, 4.58, 10.74, 10.25, 19.65, 5.65, 19.22], [10.11, 9.75, 11.64, 5.77, 18.29, 14.88, 16.84, 11.5, 14.11, 19.85, 11.94, 19.87, 14.95, 11.6, 13.11, 13.49, 13.93, 16.85, 15.13, 13.24, 13.9, 0.0, 12.06, 8.43, 8.28, 7.14, 13.8, 12.26, 6.38, 18.77, 8.06, 9.39, 16.29, 10.96, 7.42, 1.82, 7.85, 2.39, 19.99, 5.14, 13.73, 21.81, 12.71, 16.95, 9.69, 15.54, 10.3, 4.69, 5.68, 7.83, 15.13, 9.4, 17.08, 13.69, 7.79, 10.76], [6.83, 4.52, 10.48, 11.14, 12.39, 6.11, 12.02, 8.28, 5.91, 15.81, 7.44, 12.49, 7.31, 15.77, 7.73, 14.42, 19.47, 4.6, 7.52, 14.72, 18.22, 12.06, 0.0, 11.56, 21.28, 22.12, 16.45, 12.63, 9.73, 10.48, 8.81, 6.23, 8.41, 21.47, 7.69, 7.47, 10.5, 13.75, 20.92, 5.48, 12.16, 20.5, 10.23, 4.55, 11.38, 19.3, 5.78, 18.08, 18.75, 13.74, 12.13, 10.37, 19.09, 13.57, 21.67, 14.7], [13.87, 20.36, 14.91, 19.65, 17.34, 5.08, 12.94, 7.47, 13.21, 9.72, 9.89, 6.85, 2.3, 7.68, 15.77, 11.32, 14.01, 8.86, 19.51, 19.85, 5.37, 8.43, 11.56, 0.0, 12.93, 10.74, 16.23, 4.27, 9.65, 10.03, 10.68, 16.73, 2.43, 13.87, 11.45, 18.29, 8.32, 15.11, 5.93, 15.97, 8.55, 10.15, 22.25, 12.31, 16.07, 11.74, 14.29, 18.62, 14.52, 11.57, 6.08, 8.81, 11.67, 7.8, 22.44, 5.34], [11.47, 10.2, 18.76, 14.14, 13.35, 11.63, 15.8, 13.2, 19.33, 15.11, 11.99, 11.08, 13.87, 7.43, 11.19, 11.9, 17.41, 8.81, 11.88, 8.89, 15.41, 8.28, 21.28, 12.93, 0.0, 6.66, 11.05, 15.45, 10.34, 22.76, 7.37, 9.71, 10.68, 19.5, 18.68, 7.73, 9.96, 14.4, 18.35, 8.79, 14.56, 13.47, 20.86, 11.95, 15.68, 5.41, 12.23, 7.5, 16.83, 5.75, 11.69, 12.36, 5.11, 3.78, 9.04, 1.29], [9.93, 9.57, 12.09, 23.0, 12.5, 3.64, 15.52, 9.11, 16.86, 9.12, 2.08, 4.5, 5.1, 17.76, 17.67, 8.38, 22.14, 15.55, 14.64, 16.12, 14.3, 7.14, 22.12, 10.74, 6.66, 0.0, 17.44, 4.35, 8.84, 13.72, 16.85, 9.57, 8.22, 12.49, 16.86, 17.33, 9.9, 9.14, 13.17, 2.96, 11.83, 1.86, 11.57, 6.5, 10.32, 8.69, 14.06, 13.29, 12.28, 17.16, 16.15, 5.98, 5.46, 11.25, 20.99, 5.73], [10.85, 17.54, 13.65, 6.92, 12.77, 3.0, 4.84, 18.64, 19.69, 10.74, 21.4, 17.55, 17.22, 13.15, 15.57, 7.0, 18.91, 8.49, 5.58, 11.01, 18.43, 13.8, 16.45, 16.23, 11.05, 17.44, 0.0, 9.37, 5.02, 12.39, 13.04, 12.61, 12.26, 12.22, 7.0, 12.01, 11.09, 11.51, 10.29, 9.28, 20.26, 16.7, 8.28, 12.27, 18.68, 20.05, 22.47, 5.68, 10.4, 10.38, 9.13, 7.36, 11.74, 14.31, 13.53, 10.22], [14.77, 9.98, 4.12, 19.83, 5.3, 20.92, 9.45, 9.18, 10.68, 10.97, 19.64, 21.43, 14.45, 13.8, 20.02, 15.8, 11.26, 15.61, 6.25, 10.02, 10.57, 12.26, 12.63, 4.27, 15.45, 4.35, 9.37, 0.0, 11.01, 8.89, 10.64, 16.89, 16.68, 21.46, 16.44, 10.43, 5.33, 6.57, 11.9, 11.72, 10.46, 15.61, 9.34, 12.12, 13.05, 9.57, 19.0, 16.86, 17.39, 12.72, 5.21, 11.83, 3.19, 13.71, 6.11, 13.84], [11.22, 16.38, 14.0, 11.34, 14.94, 10.85, 15.81, 20.58, 16.97, 13.19, 21.04, 4.81, 12.35, 8.71, 9.31, 13.35, 16.53, 11.8, 8.1, 17.2, 5.77, 6.38, 9.73, 9.65, 10.34, 8.84, 5.02, 11.01, 0.0, 18.32, 12.43, 4.55, 19.74, 3.2, 8.88, 7.17, 5.19, 13.61, 21.03, 15.98, 14.09, 12.63, 12.65, 13.77, 7.85, 5.1, 13.78, 14.1, 18.27, 19.02, 16.64, 22.52, 6.59, 8.53, 21.64, 10.08], [10.02, 17.79, 6.57, 14.36, 12.16, 8.43, 6.29, 8.09, 12.55, 16.42, 12.71, 11.87, 8.48, 17.1, 11.79, 17.98, 20.53, 14.36, 13.78, 8.22, 10.86, 18.77, 10.48, 10.03, 22.76, 13.72, 12.39, 8.89, 18.32, 0.0, 13.13, 9.47, 7.24, 14.97, 12.36, 11.83, 13.14, 22.73, 7.34, 4.08, 8.82, 14.65, 10.85, 16.57, 13.36, 14.6, 7.94, 20.6, 11.57, 17.14, 8.1, 16.55, 17.0, 6.42, 15.07, 5.86], [12.88, 23.3, 15.78, 15.67, 14.03, 7.93, 11.04, 5.22, 14.87, 15.02, 9.09, 12.77, 10.08, 11.65, 15.84, 15.96, 9.42, 8.76, 14.33, 18.05, 4.97, 8.06, 8.81, 10.68, 7.37, 16.85, 13.04, 10.64, 12.43, 13.13, 0.0, 2.45, 15.4, 19.9, 11.48, 19.93, 10.89, 12.88, 15.84, 11.05, 13.92, 13.45, 12.0, 13.21, 16.8, 18.67, 16.4, 17.77, 12.08, 11.21, 17.72, 4.58, 14.08, 17.8, 12.7, 9.55], [5.44, 11.34, 17.61, 10.71, 12.84, 16.52, 14.29, 9.51, 16.07, 12.53, 17.88, 18.13, 15.52, 17.73, 14.62, 10.84, 8.91, 16.88, 7.63, 10.74, 19.13, 9.39, 6.23, 16.73, 9.71, 9.57, 12.61, 16.89, 4.55, 9.47, 2.45, 0.0, 18.89, 11.36, 8.35, 19.17, 11.98, 6.34, 21.02, 13.35, 16.51, 4.42, 13.19, 14.77, 7.17, 7.25, 17.06, 7.94, 6.66, 10.92, 12.55, 9.96, 17.16, 5.44, 19.96, 2.03], [1.74, 16.53, 11.72, 17.7, 12.17, 4.08, 12.9, 18.47, 18.51, 5.03, 10.62, 13.51, 9.03, 5.82, 11.95, 15.27, 16.64, 12.22, 15.3, 23.49, 6.31, 16.29, 8.41, 2.43, 10.68, 8.22, 12.26, 16.68, 19.74, 7.24, 15.4, 18.89, 0.0, 16.55, 13.37, 11.64, 17.02, 7.8, 15.89, 10.94, 8.14, 14.23, 15.33, 5.09, 15.68, 14.12, 7.21, 18.1, 18.58, 14.87, 6.42, 11.46, 14.37, 7.86, 7.24, 4.5], [9.81, 11.38, 17.0, 11.02, 5.69, 12.08, 16.56, 12.41, 9.46, 15.05, 11.09, 20.52, 16.43, 15.07, 18.37, 7.85, 13.63, 5.16, 8.5, 9.87, 17.29, 10.96, 21.47, 13.87, 19.5, 12.49, 12.22, 21.46, 3.2, 14.97, 19.9, 11.36, 16.55, 0.0, 3.13, 16.21, 10.45, 7.28, 8.72, 15.31, 6.1, 12.19, 20.71, 14.95, 12.68, 12.64, 18.0, 16.03, 3.04, 16.23, 18.73, 18.3, 2.43, 6.27, 13.74, 6.16], [15.89, 19.87, 12.61, 17.69, 5.4, 6.6, 11.73, 7.25, 23.43, 14.21, 16.14, 14.25, 10.42, 11.94, 20.94, 12.11, 10.66, 6.46, 20.22, 13.76, 12.23, 7.42, 7.69, 11.45, 18.68, 16.86, 7.0, 16.44, 8.88, 12.36, 11.48, 8.35, 13.37, 3.13, 0.0, 8.75, 8.61, 18.98, 6.3, 12.15, 17.35, 11.35, 6.44, 18.04, 6.05, 11.24, 12.47, 18.42, 15.2, 9.15, 12.96, 11.8, 17.62, 7.5, 16.19, 9.54], [13.5, 11.95, 12.63, 20.81, 16.32, 21.47, 4.34, 4.91, 7.76, 13.8, 12.83, 3.53, 20.88, 8.91, 18.39, 10.92, 17.85, 16.66, 17.85, 16.39, 6.33, 1.82, 7.47, 18.29, 7.73, 17.33, 12.01, 10.43, 7.17, 11.83, 19.93, 19.17, 11.64, 16.21, 8.75, 0.0, 11.2, 6.43, 11.64, 1.59, 16.06, 16.77, 14.3, 17.86, 8.3, 9.19, 13.96, 18.5, 13.36, 20.37, 11.82, 15.02, 8.91, 11.93, 4.2, 16.25], [14.05, 12.44, 9.21, 8.42, 18.81, 18.59, 5.44, 19.43, 9.68, 6.21, 17.43, 16.8, 14.9, 10.33, 17.44, 14.09, 11.79, 10.37, 10.93, 17.33, 14.05, 7.85, 10.5, 8.32, 9.96, 9.9, 11.09, 5.33, 5.19, 13.14, 10.89, 11.98, 17.02, 10.45, 8.61, 11.2, 0.0, 2.67, 6.91, 5.74, 15.67, 12.28, 12.24, 13.02, 10.13, 10.25, 6.15, 6.82, 4.73, 11.52, 13.0, 13.72, 9.37, 18.71, 5.99, 6.14], [17.37, 5.29, 8.6, 16.08, 11.61, 12.75, 16.84, 17.32, 12.05, 15.81, 13.92, 17.19, 16.72, 8.14, 4.02, 7.83, 8.36, 12.46, 6.05, 5.77, 13.18, 2.39, 13.75, 15.11, 14.4, 9.14, 11.51, 6.57, 13.61, 22.73, 12.88, 6.34, 7.8, 7.28, 18.98, 6.43, 2.67, 0.0, 15.87, 11.03, 11.85, 15.79, 14.19, 7.92, 5.14, 16.8, 14.61, 7.52, 11.04, 7.16, 13.87, 13.61, 5.33, 19.88, 11.85, 17.26], [1.47, 6.44, 12.83, 5.56, 4.11, 13.49, 17.46, 12.36, 10.32, 11.91, 8.14, 5.18, 13.17, 6.29, 18.01, 20.42, 19.15, 12.61, 12.07, 21.37, 4.44, 19.99, 20.92, 5.93, 18.35, 13.17, 10.29, 11.9, 21.03, 7.34, 15.84, 21.02, 15.89, 8.72, 6.3, 11.64, 6.91, 15.87, 0.0, 23.52, 10.43, 9.84, 6.66, 16.46, 15.1, 12.33, 20.06, 13.34, 18.12, 16.84, 12.36, 6.01, 18.84, 12.5, 2.87, 11.77], [4.65, 10.33, 5.33, 10.26, 12.02, 12.05, 10.24, 9.65, 9.34, 10.99, 15.15, 8.2, 12.26, 14.1, 13.59, 13.16, 16.07, 7.93, 4.14, 11.36, 8.49, 5.14, 5.48, 15.97, 8.79, 2.96, 9.28, 11.72, 15.98, 4.08, 11.05, 13.35, 10.94, 15.31, 12.15, 1.59, 5.74, 11.03, 23.52, 0.0, 14.68, 6.85, 14.25, 11.42, 15.82, 4.48, 16.16, 13.54, 7.01, 9.51, 11.66, 7.64, 12.58, 15.46, 13.33, 14.06], [8.4, 9.63, 10.59, 13.04, 8.93, 7.68, 8.76, 16.1, 11.17, 5.43, 14.9, 17.84, 10.65, 16.15, 6.48, 9.87, 12.83, 1.94, 10.42, 13.26, 12.08, 13.73, 12.16, 8.55, 14.56, 11.83, 20.26, 10.46, 14.09, 8.82, 13.92, 16.51, 8.14, 6.1, 17.35, 16.06, 15.67, 11.85, 10.43, 14.68, 0.0, 13.7, 9.51, 21.45, 13.68, 19.88, 15.97, 12.34, 22.36, 17.22, 9.95, 8.82, 10.31, 22.66, 12.91, 20.06], [17.37, 15.93, 11.25, 3.72, 5.61, 20.78, 12.51, 14.97, 2.83, 22.34, 17.32, 14.86, 11.85, 10.32, 2.06, 13.14, 6.69, 15.69, 16.87, 13.56, 10.9, 21.81, 20.5, 10.15, 13.47, 1.86, 16.7, 15.61, 12.63, 14.65, 13.45, 4.42, 14.23, 12.19, 11.35, 16.77, 12.28, 15.79, 9.84, 6.85, 13.7, 0.0, 16.76, 12.71, 9.54, 20.14, 20.71, 9.32, 7.13, 8.13, 16.19, 20.04, 14.67, 8.91, 14.14, 18.35], [6.52, 16.25, 19.45, 11.28, 8.82, 15.96, 11.88, 18.25, 11.68, 5.53, 19.18, 15.59, 11.38, 13.56, 16.02, 18.1, 13.29, 7.43, 6.58, 17.42, 18.05, 12.71, 10.23, 22.25, 20.86, 11.57, 8.28, 9.34, 12.65, 10.85, 12.0, 13.19, 15.33, 20.71, 6.44, 14.3, 12.24, 14.19, 6.66, 14.25, 9.51, 16.76, 0.0, 6.03, 9.34, 12.06, 12.47, 10.56, 7.99, 14.1, 6.84, 10.12, 11.1, 12.27, 13.9, 14.91], [19.9, 4.95, 12.55, 11.35, 7.26, 7.52, 14.16, 14.09, 15.16, 22.2, 11.05, 7.54, 16.13, 12.8, 11.21, 8.75, 17.66, 16.27, 7.82, 16.34, 15.62, 16.95, 4.55, 12.31, 11.95, 6.5, 12.27, 12.12, 13.77, 16.57, 13.21, 14.77, 5.09, 14.95, 18.04, 17.86, 13.02, 7.92, 16.46, 11.42, 21.45, 12.71, 6.03, 0.0, 7.87, 19.77, 17.64, 13.8, 8.41, 5.25, 10.4, 15.59, 12.86, 14.94, 8.7, 19.83], [18.85, 8.41, 18.78, 14.78, 16.34, 22.14, 5.68, 14.04, 12.8, 14.44, 17.01, 9.22, 12.47, 9.49, 9.69, 14.12, 4.1, 16.37, 12.96, 15.78, 22.0, 9.69, 11.38, 16.07, 15.68, 10.32, 18.68, 13.05, 7.85, 13.36, 16.8, 7.17, 15.68, 12.68, 6.05, 8.3, 10.13, 5.14, 15.1, 15.82, 13.68, 9.54, 9.34, 7.87, 0.0, 13.73, 12.36, 5.45, 3.64, 8.7, 9.69, 16.81, 7.41, 9.6, 5.52, 13.95], [8.0, 11.38, 6.42, 9.85, 10.02, 12.75, 5.62, 9.02, 16.35, 19.15, 18.07, 10.3, 8.27, 10.4, 9.59, 15.59, 11.47, 13.73, 14.65, 8.93, 14.09, 15.54, 19.3, 11.74, 5.41, 8.69, 20.05, 9.57, 5.1, 14.6, 18.67, 7.25, 14.12, 12.64, 11.24, 9.19, 10.25, 16.8, 12.33, 4.48, 19.88, 20.14, 12.06, 19.77, 13.73, 0.0, 13.25, 20.41, 20.12, 13.7, 20.53, 18.56, 17.9, 3.38, 9.95, 7.41], [11.52, 8.21, 5.33, 21.02, 17.12, 10.7, 5.96, 10.8, 14.9, 13.57, 3.93, 10.79, 15.8, 15.69, 13.46, 10.37, 13.4, 16.66, 10.76, 13.11, 20.6, 10.3, 5.78, 14.29, 12.23, 14.06, 22.47, 19.0, 13.78, 7.94, 16.4, 17.06, 7.21, 18.0, 12.47, 13.96, 6.15, 14.61, 20.06, 16.16, 15.97, 20.71, 12.47, 17.64, 12.36, 13.25, 0.0, 16.72, 9.84, 13.64, 8.91, 7.9, 4.63, 9.69, 15.24, 12.54], [7.83, 6.0, 3.94, 13.24, 10.91, 10.16, 14.57, 13.5, 10.81, 13.72, 19.54, 12.75, 7.87, 9.87, 21.79, 12.38, 8.59, 6.28, 20.35, 18.16, 15.38, 4.69, 18.08, 18.62, 7.5, 13.29, 5.68, 16.86, 14.1, 20.6, 17.77, 7.94, 18.1, 16.03, 18.42, 18.5, 6.82, 7.52, 13.34, 13.54, 12.34, 9.32, 10.56, 13.8, 5.45, 20.41, 16.72, 0.0, 9.93, 7.14, 11.53, 14.54, 16.85, 13.44, 7.05, 11.19], [15.25, 10.19, 11.49, 5.3, 9.6, 16.42, 6.21, 11.84, 7.54, 14.85, 18.46, 12.23, 3.37, 6.02, 14.21, 19.93, 5.59, 11.95, 11.5, 19.63, 13.97, 5.68, 18.75, 14.52, 16.83, 12.28, 10.4, 17.39, 18.27, 11.57, 12.08, 6.66, 18.58, 3.04, 15.2, 13.36, 4.73, 11.04, 18.12, 7.01, 22.36, 7.13, 7.99, 8.41, 3.64, 20.12, 9.84, 9.93, 0.0, 8.2, 21.16, 7.23, 22.49, 11.09, 17.74, 14.74], [11.14, 12.83, 13.58, 10.06, 13.74, 9.77, 21.27, 16.4, 3.7, 12.6, 11.83, 7.23, 4.9, 10.44, 9.82, 15.23, 12.58, 11.48, 1.52, 12.6, 13.03, 7.83, 13.74, 11.57, 5.75, 17.16, 10.38, 12.72, 19.02, 17.14, 11.21, 10.92, 14.87, 16.23, 9.15, 20.37, 11.52, 7.16, 16.84, 9.51, 17.22, 8.13, 14.1, 5.25, 8.7, 13.7, 13.64, 7.14, 8.2, 0.0, 14.12, 21.8, 2.86, 2.37, 11.87, 17.6], [10.08, 19.68, 8.28, 13.56, 9.0, 13.98, 6.26, 7.87, 15.95, 6.03, 12.34, 9.02, 15.25, 11.27, 22.0, 8.19, 17.82, 20.02, 17.53, 15.63, 4.58, 15.13, 12.13, 6.08, 11.69, 16.15, 9.13, 5.21, 16.64, 8.1, 17.72, 12.55, 6.42, 18.73, 12.96, 11.82, 13.0, 13.87, 12.36, 11.66, 9.95, 16.19, 6.84, 10.4, 9.69, 20.53, 8.91, 11.53, 21.16, 14.12, 0.0, 13.11, 6.27, 12.84, 13.28, 8.42], [15.28, 11.78, 6.48, 13.76, 8.43, 9.39, 18.93, 7.25, 10.84, 5.35, 13.38, 4.98, 14.34, 3.73, 11.09, 5.09, 8.12, 19.77, 18.72, 10.76, 10.74, 9.4, 10.37, 8.81, 12.36, 5.98, 7.36, 11.83, 22.52, 16.55, 4.58, 9.96, 11.46, 18.3, 11.8, 15.02, 13.72, 13.61, 6.01, 7.64, 8.82, 20.04, 10.12, 15.59, 16.81, 18.56, 7.9, 14.54, 7.23, 21.8, 13.11, 0.0, 5.02, 14.85, 21.14, 12.68], [19.53, 16.61, 6.83, 15.35, 12.21, 15.31, 6.68, 6.96, 8.35, 5.57, 13.56, 22.02, 10.97, 11.22, 21.98, 10.34, 13.21, 19.34, 14.7, 15.98, 10.25, 17.08, 19.09, 11.67, 5.11, 5.46, 11.74, 3.19, 6.59, 17.0, 14.08, 17.16, 14.37, 2.43, 17.62, 8.91, 9.37, 5.33, 18.84, 12.58, 10.31, 14.67, 11.1, 12.86, 7.41, 17.9, 4.63, 16.85, 22.49, 2.86, 6.27, 5.02, 0.0, 11.01, 6.43, 13.22], [13.71, 20.09, 15.31, 11.88, 19.22, 14.73, 10.99, 5.88, 4.29, 11.77, 16.71, 7.95, 17.3, 13.67, 4.96, 17.15, 12.87, 11.5, 19.31, 9.96, 19.65, 13.69, 13.57, 7.8, 3.78, 11.25, 14.31, 13.71, 8.53, 6.42, 17.8, 5.44, 7.86, 6.27, 7.5, 11.93, 18.71, 19.88, 12.5, 15.46, 22.66, 8.91, 12.27, 14.94, 9.6, 3.38, 9.69, 13.44, 11.09, 2.37, 12.84, 14.85, 11.01, 0.0, 9.31, 5.52], [16.2, 13.98, 12.52, 8.22, 15.37, 12.16, 9.81, 12.03, 18.1, 7.87, 7.97, 13.67, 9.08, 17.56, 11.57, 12.77, 15.52, 17.49, 21.09, 8.58, 5.65, 7.79, 21.67, 22.44, 9.04, 20.99, 13.53, 6.11, 21.64, 15.07, 12.7, 19.96, 7.24, 13.74, 16.19, 4.2, 5.99, 11.85, 2.87, 13.33, 12.91, 14.14, 13.9, 8.7, 5.52, 9.95, 15.24, 7.05, 17.74, 11.87, 13.28, 21.14, 6.43, 9.31, 0.0, 8.07], [5.21, 9.98, 13.02, 6.33, 4.45, 18.92, 16.02, 11.87, 11.78, 18.68, 13.78, 15.64, 11.2, 19.56, 18.58, 12.84, 6.3, 12.25, 19.37, 22.85, 19.22, 10.76, 14.7, 5.34, 1.29, 5.73, 10.22, 13.84, 10.08, 5.86, 9.55, 2.03, 4.5, 6.16, 9.54, 16.25, 6.14, 17.26, 11.77, 14.06, 20.06, 18.35, 14.91, 19.83, 13.95, 7.41, 12.54, 11.19, 14.74, 17.6, 8.42, 12.68, 13.22, 5.52, 8.07, 0.0]], "token_chain_ids": ["A", "A", "A", "A", "A", "A", "A", "A", "A", "A", "A", "A", "A", "A", "A", "A", "A", "A", "A", "A", "A", "A", "A", "A", "A", "A", "A", "A", "A", "A", "A", "A", "B", "B", "B", "B", "B", "B", "B", "B", "B", "B", "B", "B", "B", "B", "B", "B", "B", "B", "B", "B", "B", "B", "B", "B"], "token_res_ids": [1, 2, 3, 4, 5, 6, 7, 8, 9, 10, 11, 12, 13, 14, 15, 16, 17, 18, 19, 20, 21, 22, 23, 24, 25, 26, 27, 28, 29, 30, 31, 32, 1, 2, 3, 4, 5, 6, 7, 8, 9, 10, 11, 12, 13, 14, 15, 16, 17, 18, 19, 20, 21, 22, 23, 24]}